,img_height,img_width,face_num,x1,x2,y1,y2,area,pct_of_frame,frame_num,video_src
0,480,640,0,92,140,225,273,2304,0.0075,3014,/home/amos/server/media/movies/American Empire (1942)/American Empire (1942).mp4
1,480,640,0,352,433,56,137,6561,0.0214,3151,/home/amos/server/media/movies/American Empire (1942)/American Empire (1942).mp4
2,480,640,0,271,389,64,182,13924,0.0453,3288,/home/amos/server/media/movies/American Empire (1942)/American Empire (1942).mp4
3,480,640,0,285,367,80,162,6724,0.0219,3562,/home/amos/server/media/movies/American Empire (1942)/American Empire (1942).mp4
4,480,640,0,271,389,64,182,13924,0.0453,3699,/home/amos/server/media/movies/American Empire (1942)/American Empire (1942).mp4
5,480,640,0,269,308,93,133,1560,0.0051,3973,/home/amos/server/media/movies/American Empire (1942)/American Empire (1942).mp4
6,480,640,0,273,371,110,209,9702,0.0316,4110,/home/amos/server/media/movies/American Empire (1942)/American Empire (1942).mp4
7,480,640,0,271,389,88,206,13924,0.0453,4247,/home/amos/server/media/movies/American Empire (1942)/American Empire (1942).mp4
8,480,640,0,279,327,211,258,2256,0.0073,4384,/home/amos/server/media/movies/American Empire (1942)/American Empire (1942).mp4
9,480,640,0,294,341,211,258,2209,0.0072,4521,/home/amos/server/media/movies/American Empire (1942)/American Empire (1942).mp4
10,480,640,0,241,288,225,273,2256,0.0073,4658,/home/amos/server/media/movies/American Empire (1942)/American Empire (1942).mp4
11,480,640,1,385,424,93,133,1560,0.0051,4658,/home/amos/server/media/movies/American Empire (1942)/American Empire (1942).mp4
12,480,640,0,404,452,43,90,2256,0.0073,5206,/home/amos/server/media/movies/American Empire (1942)/American Empire (1942).mp4
13,480,640,0,294,341,53,100,2209,0.0072,5343,/home/amos/server/media/movies/American Empire (1942)/American Empire (1942).mp4
14,480,640,0,351,399,62,110,2304,0.0075,5480,/home/amos/server/media/movies/American Empire (1942)/American Empire (1942).mp4
15,480,640,0,307,364,91,148,3249,0.0106,5617,/home/amos/server/media/movies/American Empire (1942)/American Empire (1942).mp4
16,480,640,0,457,496,109,149,1560,0.0051,6028,/home/amos/server/media/movies/American Empire (1942)/American Empire (1942).mp4
17,480,640,0,197,236,101,141,1560,0.0051,6165,/home/amos/server/media/movies/American Empire (1942)/American Empire (1942).mp4
18,480,640,0,457,496,101,141,1560,0.0051,6302,/home/amos/server/media/movies/American Empire (1942)/American Empire (1942).mp4
19,480,640,1,209,248,97,137,1560,0.0051,6302,/home/amos/server/media/movies/American Empire (1942)/American Empire (1942).mp4
20,480,640,0,181,220,101,141,1560,0.0051,6439,/home/amos/server/media/movies/American Empire (1942)/American Empire (1942).mp4
21,480,640,1,453,492,105,145,1560,0.0051,6439,/home/amos/server/media/movies/American Empire (1942)/American Empire (1942).mp4
22,480,640,0,393,432,73,113,1560,0.0051,6576,/home/amos/server/media/movies/American Empire (1942)/American Empire (1942).mp4
23,480,640,1,201,240,93,133,1560,0.0051,6576,/home/amos/server/media/movies/American Empire (1942)/American Empire (1942).mp4
24,480,640,0,244,312,78,146,4624,0.0151,6713,/home/amos/server/media/movies/American Empire (1942)/American Empire (1942).mp4
25,480,640,1,128,185,131,188,3249,0.0106,6713,/home/amos/server/media/movies/American Empire (1942)/American Empire (1942).mp4
26,480,640,0,327,375,105,153,2304,0.0075,6850,/home/amos/server/media/movies/American Empire (1942)/American Empire (1942).mp4
27,480,640,0,293,375,138,220,6724,0.0219,6987,/home/amos/server/media/movies/American Empire (1942)/American Empire (1942).mp4
28,480,640,1,86,168,180,262,6724,0.0219,6987,/home/amos/server/media/movies/American Empire (1942)/American Empire (1942).mp4
29,480,640,0,293,375,114,195,6642,0.0216,7124,/home/amos/server/media/movies/American Empire (1942)/American Empire (1942).mp4
30,480,640,1,86,168,163,245,6724,0.0219,7124,/home/amos/server/media/movies/American Empire (1942)/American Empire (1942).mp4
31,480,640,0,433,480,86,134,2256,0.0073,7261,/home/amos/server/media/movies/American Empire (1942)/American Empire (1942).mp4
32,480,640,1,201,240,133,173,1560,0.0051,7261,/home/amos/server/media/movies/American Empire (1942)/American Empire (1942).mp4
33,480,640,0,260,342,122,204,6724,0.0219,7672,/home/amos/server/media/movies/American Empire (1942)/American Empire (1942).mp4
34,480,640,1,78,160,163,245,6724,0.0219,7672,/home/amos/server/media/movies/American Empire (1942)/American Empire (1942).mp4
35,480,640,0,244,326,130,212,6724,0.0219,7809,/home/amos/server/media/movies/American Empire (1942)/American Empire (1942).mp4
36,480,640,1,54,152,170,268,9604,0.0313,7809,/home/amos/server/media/movies/American Empire (1942)/American Empire (1942).mp4
37,480,640,0,293,375,114,195,6642,0.0216,7946,/home/amos/server/media/movies/American Empire (1942)/American Empire (1942).mp4
38,480,640,1,94,192,160,259,9702,0.0316,7946,/home/amos/server/media/movies/American Empire (1942)/American Empire (1942).mp4
39,480,640,0,260,342,130,212,6724,0.0219,8083,/home/amos/server/media/movies/American Empire (1942)/American Empire (1942).mp4
40,480,640,1,86,168,163,245,6724,0.0219,8083,/home/amos/server/media/movies/American Empire (1942)/American Empire (1942).mp4
41,480,640,0,128,210,89,171,6724,0.0219,8631,/home/amos/server/media/movies/American Empire (1942)/American Empire (1942).mp4
42,480,640,1,457,514,68,125,3249,0.0106,8631,/home/amos/server/media/movies/American Empire (1942)/American Empire (1942).mp4
43,480,640,0,134,202,92,160,4624,0.0151,8768,/home/amos/server/media/movies/American Empire (1942)/American Empire (1942).mp4
44,480,640,1,434,516,72,154,6724,0.0219,8768,/home/amos/server/media/movies/American Empire (1942)/American Empire (1942).mp4
45,480,640,0,361,408,312,359,2209,0.0072,8905,/home/amos/server/media/movies/American Empire (1942)/American Empire (1942).mp4
46,480,640,0,356,404,312,359,2256,0.0073,9042,/home/amos/server/media/movies/American Empire (1942)/American Empire (1942).mp4
47,480,640,1,123,179,252,309,3192,0.0104,9042,/home/amos/server/media/movies/American Empire (1942)/American Empire (1942).mp4
48,480,640,0,481,520,77,117,1560,0.0051,9453,/home/amos/server/media/movies/American Empire (1942)/American Empire (1942).mp4
49,480,640,1,265,304,69,109,1560,0.0051,9453,/home/amos/server/media/movies/American Empire (1942)/American Empire (1942).mp4
50,480,640,0,86,168,97,179,6724,0.0219,9590,/home/amos/server/media/movies/American Empire (1942)/American Empire (1942).mp4
51,480,640,1,534,616,130,212,6724,0.0219,9590,/home/amos/server/media/movies/American Empire (1942)/American Empire (1942).mp4
52,480,640,0,86,168,130,212,6724,0.0219,9727,/home/amos/server/media/movies/American Empire (1942)/American Empire (1942).mp4
53,480,640,1,517,599,122,204,6724,0.0219,9727,/home/amos/server/media/movies/American Empire (1942)/American Empire (1942).mp4
54,480,640,0,549,588,73,113,1560,0.0051,9864,/home/amos/server/media/movies/American Empire (1942)/American Empire (1942).mp4
55,480,640,1,305,344,57,97,1560,0.0051,9864,/home/amos/server/media/movies/American Empire (1942)/American Empire (1942).mp4
56,480,640,0,375,423,33,81,2304,0.0075,10138,/home/amos/server/media/movies/American Empire (1942)/American Empire (1942).mp4
57,480,640,1,515,562,53,100,2209,0.0072,10138,/home/amos/server/media/movies/American Empire (1942)/American Empire (1942).mp4
58,480,640,2,83,130,81,129,2256,0.0073,10138,/home/amos/server/media/movies/American Empire (1942)/American Empire (1942).mp4
59,480,640,0,186,268,97,179,6724,0.0219,10275,/home/amos/server/media/movies/American Empire (1942)/American Empire (1942).mp4
60,480,640,1,368,450,122,204,6724,0.0219,10275,/home/amos/server/media/movies/American Empire (1942)/American Empire (1942).mp4
61,480,640,0,382,451,106,174,4692,0.0153,10549,/home/amos/server/media/movies/American Empire (1942)/American Empire (1942).mp4
62,480,640,1,151,208,154,211,3249,0.0106,10549,/home/amos/server/media/movies/American Empire (1942)/American Empire (1942).mp4
63,480,640,0,376,433,119,176,3249,0.0106,10686,/home/amos/server/media/movies/American Empire (1942)/American Empire (1942).mp4
64,480,640,1,169,226,131,188,3249,0.0106,10686,/home/amos/server/media/movies/American Empire (1942)/American Empire (1942).mp4
65,480,640,0,317,356,81,121,1560,0.0051,10960,/home/amos/server/media/movies/American Empire (1942)/American Empire (1942).mp4
66,480,640,0,393,475,97,179,6724,0.0219,11097,/home/amos/server/media/movies/American Empire (1942)/American Empire (1942).mp4
67,480,640,1,128,210,64,146,6724,0.0219,11097,/home/amos/server/media/movies/American Empire (1942)/American Empire (1942).mp4
68,480,640,0,410,478,113,181,4624,0.0151,11234,/home/amos/server/media/movies/American Empire (1942)/American Empire (1942).mp4
69,480,640,1,136,218,64,146,6724,0.0219,11234,/home/amos/server/media/movies/American Empire (1942)/American Empire (1942).mp4
70,480,640,0,141,209,85,153,4624,0.0151,11371,/home/amos/server/media/movies/American Empire (1942)/American Empire (1942).mp4
71,480,640,1,410,492,114,195,6642,0.0216,11371,/home/amos/server/media/movies/American Empire (1942)/American Empire (1942).mp4
72,480,640,0,438,506,113,181,4624,0.0151,11508,/home/amos/server/media/movies/American Empire (1942)/American Empire (1942).mp4
73,480,640,1,128,210,72,154,6724,0.0219,11508,/home/amos/server/media/movies/American Empire (1942)/American Empire (1942).mp4
74,480,640,0,401,483,97,179,6724,0.0219,11645,/home/amos/server/media/movies/American Empire (1942)/American Empire (1942).mp4
75,480,640,1,119,201,64,146,6724,0.0219,11645,/home/amos/server/media/movies/American Empire (1942)/American Empire (1942).mp4
76,480,640,0,240,381,113,255,20022,0.0652,11782,/home/amos/server/media/movies/American Empire (1942)/American Empire (1942).mp4
77,480,640,0,410,478,99,167,4624,0.0151,11919,/home/amos/server/media/movies/American Empire (1942)/American Empire (1942).mp4
78,480,640,1,120,188,71,139,4624,0.0151,11919,/home/amos/server/media/movies/American Empire (1942)/American Empire (1942).mp4
79,480,640,0,254,396,113,255,20164,0.0656,12056,/home/amos/server/media/movies/American Empire (1942)/American Empire (1942).mp4
80,480,640,0,396,465,92,160,4692,0.0153,12193,/home/amos/server/media/movies/American Empire (1942)/American Empire (1942).mp4
81,480,640,1,152,234,56,137,6642,0.0216,12193,/home/amos/server/media/movies/American Empire (1942)/American Empire (1942).mp4
82,480,640,0,410,492,105,187,6724,0.0219,12330,/home/amos/server/media/movies/American Empire (1942)/American Empire (1942).mp4
83,480,640,1,152,234,56,137,6642,0.0216,12330,/home/amos/server/media/movies/American Empire (1942)/American Empire (1942).mp4
84,480,640,0,254,396,99,240,20022,0.0652,12467,/home/amos/server/media/movies/American Empire (1942)/American Empire (1942).mp4
85,480,640,0,240,381,113,255,20022,0.0652,12604,/home/amos/server/media/movies/American Empire (1942)/American Empire (1942).mp4
86,480,640,0,134,202,64,132,4624,0.0151,12741,/home/amos/server/media/movies/American Empire (1942)/American Empire (1942).mp4
87,480,640,1,401,483,105,187,6724,0.0219,12741,/home/amos/server/media/movies/American Empire (1942)/American Empire (1942).mp4
88,480,640,0,417,485,119,188,4692,0.0153,12878,/home/amos/server/media/movies/American Empire (1942)/American Empire (1942).mp4
89,480,640,1,119,201,64,146,6724,0.0219,12878,/home/amos/server/media/movies/American Empire (1942)/American Empire (1942).mp4
90,480,640,0,161,230,57,126,4761,0.0155,13015,/home/amos/server/media/movies/American Empire (1942)/American Empire (1942).mp4
91,480,640,1,431,499,119,188,4692,0.0153,13015,/home/amos/server/media/movies/American Empire (1942)/American Empire (1942).mp4
92,480,640,0,245,415,100,269,28730,0.0935,13152,/home/amos/server/media/movies/American Empire (1942)/American Empire (1942).mp4
93,480,640,0,120,188,64,132,4624,0.0151,13289,/home/amos/server/media/movies/American Empire (1942)/American Empire (1942).mp4
94,480,640,0,161,243,47,129,6724,0.0219,13563,/home/amos/server/media/movies/American Empire (1942)/American Empire (1942).mp4
95,480,640,1,341,409,106,174,4624,0.0151,13563,/home/amos/server/media/movies/American Empire (1942)/American Empire (1942).mp4
96,480,640,0,128,210,56,137,6642,0.0216,13700,/home/amos/server/media/movies/American Empire (1942)/American Empire (1942).mp4
97,480,640,0,519,567,77,124,2256,0.0073,14248,/home/amos/server/media/movies/American Empire (1942)/American Empire (1942).mp4
98,480,640,0,230,299,99,167,4692,0.0153,14385,/home/amos/server/media/movies/American Empire (1942)/American Empire (1942).mp4
99,480,640,0,258,326,99,167,4624,0.0151,14522,/home/amos/server/media/movies/American Empire (1942)/American Empire (1942).mp4
100,480,640,1,152,234,56,137,6642,0.0216,14522,/home/amos/server/media/movies/American Empire (1942)/American Empire (1942).mp4
101,480,640,2,424,492,92,160,4624,0.0151,14522,/home/amos/server/media/movies/American Empire (1942)/American Empire (1942).mp4
102,480,640,0,396,465,92,160,4692,0.0153,14659,/home/amos/server/media/movies/American Empire (1942)/American Empire (1942).mp4
103,480,640,1,152,234,56,137,6642,0.0216,14659,/home/amos/server/media/movies/American Empire (1942)/American Empire (1942).mp4
104,480,640,0,345,384,93,133,1560,0.0051,14933,/home/amos/server/media/movies/American Empire (1942)/American Empire (1942).mp4
105,480,640,0,382,439,148,205,3249,0.0106,15070,/home/amos/server/media/movies/American Empire (1942)/American Empire (1942).mp4
106,480,640,1,111,193,64,146,6724,0.0219,15070,/home/amos/server/media/movies/American Empire (1942)/American Empire (1942).mp4
107,480,640,2,520,577,148,205,3249,0.0106,15070,/home/amos/server/media/movies/American Empire (1942)/American Empire (1942).mp4
108,480,640,0,353,410,143,199,3192,0.0104,15207,/home/amos/server/media/movies/American Empire (1942)/American Empire (1942).mp4
109,480,640,1,111,193,56,137,6642,0.0216,15207,/home/amos/server/media/movies/American Empire (1942)/American Empire (1942).mp4
110,480,640,2,503,560,148,205,3249,0.0106,15207,/home/amos/server/media/movies/American Empire (1942)/American Empire (1942).mp4
111,480,640,0,359,416,143,199,3192,0.0104,15344,/home/amos/server/media/movies/American Empire (1942)/American Empire (1942).mp4
112,480,640,1,503,560,143,199,3192,0.0104,15344,/home/amos/server/media/movies/American Empire (1942)/American Empire (1942).mp4
113,480,640,0,127,195,71,139,4624,0.0151,15481,/home/amos/server/media/movies/American Empire (1942)/American Empire (1942).mp4
114,480,640,1,318,375,143,199,3192,0.0104,15481,/home/amos/server/media/movies/American Empire (1942)/American Empire (1942).mp4
115,480,640,2,500,568,140,208,4624,0.0151,15481,/home/amos/server/media/movies/American Empire (1942)/American Empire (1942).mp4
116,480,640,0,92,160,64,132,4624,0.0151,15618,/home/amos/server/media/movies/American Empire (1942)/American Empire (1942).mp4
117,480,640,1,500,568,140,208,4624,0.0151,15618,/home/amos/server/media/movies/American Empire (1942)/American Empire (1942).mp4
118,480,640,2,324,381,137,194,3249,0.0106,15618,/home/amos/server/media/movies/American Empire (1942)/American Empire (1942).mp4
119,480,640,0,310,392,72,154,6724,0.0219,15892,/home/amos/server/media/movies/American Empire (1942)/American Empire (1942).mp4
120,480,640,1,104,202,140,239,9702,0.0316,15892,/home/amos/server/media/movies/American Empire (1942)/American Empire (1942).mp4
121,480,640,0,362,430,71,139,4624,0.0151,16029,/home/amos/server/media/movies/American Empire (1942)/American Empire (1942).mp4
122,480,640,1,177,259,97,179,6724,0.0219,16029,/home/amos/server/media/movies/American Empire (1942)/American Empire (1942).mp4
123,480,640,0,443,490,153,201,2256,0.0073,16577,/home/amos/server/media/movies/American Empire (1942)/American Empire (1942).mp4
124,480,640,0,107,154,115,162,2209,0.0072,16714,/home/amos/server/media/movies/American Empire (1942)/American Empire (1942).mp4
125,480,640,0,375,423,153,201,2304,0.0075,16988,/home/amos/server/media/movies/American Empire (1942)/American Empire (1942).mp4
126,480,640,1,102,149,96,143,2209,0.0072,16988,/home/amos/server/media/movies/American Empire (1942)/American Empire (1942).mp4
127,480,640,0,230,299,71,139,4692,0.0153,17125,/home/amos/server/media/movies/American Empire (1942)/American Empire (1942).mp4
128,480,640,1,431,499,99,167,4624,0.0151,17125,/home/amos/server/media/movies/American Empire (1942)/American Empire (1942).mp4
129,480,640,0,230,299,113,181,4692,0.0153,17262,/home/amos/server/media/movies/American Empire (1942)/American Empire (1942).mp4
130,480,640,0,265,333,140,208,4624,0.0151,17399,/home/amos/server/media/movies/American Empire (1942)/American Empire (1942).mp4
131,480,640,0,431,499,126,195,4692,0.0153,17536,/home/amos/server/media/movies/American Empire (1942)/American Empire (1942).mp4
132,480,640,1,272,340,92,160,4624,0.0151,17536,/home/amos/server/media/movies/American Empire (1942)/American Empire (1942).mp4
133,480,640,0,202,284,80,162,6724,0.0219,17810,/home/amos/server/media/movies/American Empire (1942)/American Empire (1942).mp4
134,480,640,1,410,478,119,188,4692,0.0153,17810,/home/amos/server/media/movies/American Empire (1942)/American Empire (1942).mp4
135,480,640,0,417,485,133,202,4692,0.0153,17947,/home/amos/server/media/movies/American Empire (1942)/American Empire (1942).mp4
136,480,640,1,161,230,113,181,4692,0.0153,17947,/home/amos/server/media/movies/American Empire (1942)/American Empire (1942).mp4
137,480,640,0,480,537,108,165,3249,0.0106,18084,/home/amos/server/media/movies/American Empire (1942)/American Empire (1942).mp4
138,480,640,1,189,257,92,160,4624,0.0151,18084,/home/amos/server/media/movies/American Empire (1942)/American Empire (1942).mp4
139,480,640,0,468,525,108,165,3249,0.0106,18221,/home/amos/server/media/movies/American Empire (1942)/American Empire (1942).mp4
140,480,640,1,210,278,85,153,4624,0.0151,18221,/home/amos/server/media/movies/American Empire (1942)/American Empire (1942).mp4
141,480,640,0,182,250,92,160,4624,0.0151,18358,/home/amos/server/media/movies/American Empire (1942)/American Empire (1942).mp4
142,480,640,1,493,561,99,167,4624,0.0151,18358,/home/amos/server/media/movies/American Empire (1942)/American Empire (1942).mp4
143,480,640,0,192,249,79,136,3249,0.0106,18495,/home/amos/server/media/movies/American Empire (1942)/American Empire (1942).mp4
144,480,640,1,479,548,126,195,4761,0.0155,18495,/home/amos/server/media/movies/American Empire (1942)/American Empire (1942).mp4
145,480,640,0,203,271,92,160,4624,0.0151,18632,/home/amos/server/media/movies/American Empire (1942)/American Empire (1942).mp4
146,480,640,1,468,525,125,182,3249,0.0106,18632,/home/amos/server/media/movies/American Empire (1942)/American Empire (1942).mp4
147,480,640,0,240,381,127,269,20022,0.0652,18769,/home/amos/server/media/movies/American Empire (1942)/American Empire (1942).mp4
148,480,640,0,283,424,170,312,20022,0.0652,18906,/home/amos/server/media/movies/American Empire (1942)/American Empire (1942).mp4
149,480,640,0,228,398,134,304,28900,0.0941,19043,/home/amos/server/media/movies/American Empire (1942)/American Empire (1942).mp4
150,480,640,0,228,398,134,304,28900,0.0941,19180,/home/amos/server/media/movies/American Empire (1942)/American Empire (1942).mp4
151,480,640,0,254,396,113,255,20164,0.0656,19317,/home/amos/server/media/movies/American Empire (1942)/American Empire (1942).mp4
152,480,640,0,203,271,92,160,4624,0.0151,19454,/home/amos/server/media/movies/American Empire (1942)/American Empire (1942).mp4
153,480,640,1,480,537,114,171,3249,0.0106,19454,/home/amos/server/media/movies/American Empire (1942)/American Empire (1942).mp4
154,480,640,0,221,260,89,129,1560,0.0051,20002,/home/amos/server/media/movies/American Empire (1942)/American Empire (1942).mp4
155,480,640,0,226,283,166,222,3192,0.0104,20413,/home/amos/server/media/movies/American Empire (1942)/American Empire (1942).mp4
156,480,640,0,134,191,286,343,3249,0.0106,20550,/home/amos/server/media/movies/American Empire (1942)/American Empire (1942).mp4
157,480,640,1,388,444,16,73,3192,0.0104,20550,/home/amos/server/media/movies/American Empire (1942)/American Empire (1942).mp4
158,480,640,0,303,351,125,172,2256,0.0073,20687,/home/amos/server/media/movies/American Empire (1942)/American Empire (1942).mp4
159,480,640,0,319,437,172,290,13924,0.0453,20824,/home/amos/server/media/movies/American Empire (1942)/American Empire (1942).mp4
160,480,640,0,283,401,136,254,13924,0.0453,20961,/home/amos/server/media/movies/American Empire (1942)/American Empire (1942).mp4
161,480,640,0,262,432,186,355,28730,0.0935,21098,/home/amos/server/media/movies/American Empire (1942)/American Empire (1942).mp4
162,480,640,0,200,318,172,290,13924,0.0453,21372,/home/amos/server/media/movies/American Empire (1942)/American Empire (1942).mp4
163,480,640,0,402,501,240,338,9702,0.0316,21509,/home/amos/server/media/movies/American Empire (1942)/American Empire (1942).mp4
164,480,640,1,164,282,112,230,13924,0.0453,21509,/home/amos/server/media/movies/American Empire (1942)/American Empire (1942).mp4
165,480,640,0,382,481,240,338,9702,0.0316,21646,/home/amos/server/media/movies/American Empire (1942)/American Empire (1942).mp4
166,480,640,1,188,306,136,254,13924,0.0453,21646,/home/amos/server/media/movies/American Empire (1942)/American Empire (1942).mp4
167,480,640,0,134,232,130,229,9702,0.0316,21783,/home/amos/server/media/movies/American Empire (1942)/American Empire (1942).mp4
168,480,640,1,418,500,279,361,6724,0.0219,21783,/home/amos/server/media/movies/American Empire (1942)/American Empire (1942).mp4
169,480,640,0,351,399,86,134,2304,0.0075,21920,/home/amos/server/media/movies/American Empire (1942)/American Empire (1942).mp4
170,480,640,1,532,588,96,153,3192,0.0104,21920,/home/amos/server/media/movies/American Empire (1942)/American Empire (1942).mp4
171,480,640,0,207,255,115,162,2256,0.0073,22057,/home/amos/server/media/movies/American Empire (1942)/American Empire (1942).mp4
172,480,640,1,341,398,91,148,3249,0.0106,22057,/home/amos/server/media/movies/American Empire (1942)/American Empire (1942).mp4
173,480,640,0,265,333,99,167,4624,0.0151,22194,/home/amos/server/media/movies/American Empire (1942)/American Empire (1942).mp4
174,480,640,0,471,519,139,186,2256,0.0073,22468,/home/amos/server/media/movies/American Empire (1942)/American Empire (1942).mp4
175,480,640,1,385,432,158,206,2256,0.0073,22468,/home/amos/server/media/movies/American Empire (1942)/American Empire (1942).mp4
176,480,640,2,306,375,85,153,4692,0.0153,22468,/home/amos/server/media/movies/American Empire (1942)/American Empire (1942).mp4
177,480,640,0,232,289,85,142,3249,0.0106,22605,/home/amos/server/media/movies/American Empire (1942)/American Empire (1942).mp4
178,480,640,0,327,395,64,132,4624,0.0151,22742,/home/amos/server/media/movies/American Empire (1942)/American Empire (1942).mp4
179,480,640,0,353,392,41,81,1560,0.0051,22879,/home/amos/server/media/movies/American Empire (1942)/American Empire (1942).mp4
180,480,640,0,445,484,61,101,1560,0.0051,23016,/home/amos/server/media/movies/American Empire (1942)/American Empire (1942).mp4
181,480,640,0,471,519,129,177,2304,0.0075,23153,/home/amos/server/media/movies/American Empire (1942)/American Empire (1942).mp4
182,480,640,0,278,335,73,130,3249,0.0106,23290,/home/amos/server/media/movies/American Empire (1942)/American Empire (1942).mp4
183,480,640,0,399,456,119,176,3249,0.0106,23427,/home/amos/server/media/movies/American Empire (1942)/American Empire (1942).mp4
184,480,640,0,330,387,131,188,3249,0.0106,23564,/home/amos/server/media/movies/American Empire (1942)/American Empire (1942).mp4
185,480,640,1,474,531,131,188,3249,0.0106,23564,/home/amos/server/media/movies/American Empire (1942)/American Empire (1942).mp4
186,480,640,0,500,548,120,167,2256,0.0073,23701,/home/amos/server/media/movies/American Empire (1942)/American Empire (1942).mp4
187,480,640,1,355,423,106,174,4624,0.0151,23701,/home/amos/server/media/movies/American Empire (1942)/American Empire (1942).mp4
188,480,640,2,128,185,62,119,3249,0.0106,23701,/home/amos/server/media/movies/American Empire (1942)/American Empire (1942).mp4
189,480,640,3,389,428,161,201,1560,0.0051,23701,/home/amos/server/media/movies/American Empire (1942)/American Empire (1942).mp4
190,480,640,0,380,428,153,201,2304,0.0075,23838,/home/amos/server/media/movies/American Empire (1942)/American Empire (1942).mp4
191,480,640,1,330,387,85,142,3249,0.0106,23838,/home/amos/server/media/movies/American Empire (1942)/American Empire (1942).mp4
192,480,640,0,425,464,109,149,1560,0.0051,23975,/home/amos/server/media/movies/American Empire (1942)/American Empire (1942).mp4
193,480,640,1,509,548,77,117,1560,0.0051,23975,/home/amos/server/media/movies/American Empire (1942)/American Empire (1942).mp4
194,480,640,0,267,323,56,113,3192,0.0104,24112,/home/amos/server/media/movies/American Empire (1942)/American Empire (1942).mp4
195,480,640,1,351,399,139,186,2256,0.0073,24112,/home/amos/server/media/movies/American Empire (1942)/American Empire (1942).mp4
196,480,640,2,428,476,110,158,2304,0.0075,24112,/home/amos/server/media/movies/American Empire (1942)/American Empire (1942).mp4
197,480,640,3,0,36,129,169,1440,0.0047,24112,/home/amos/server/media/movies/American Empire (1942)/American Empire (1942).mp4
198,480,640,0,399,456,73,130,3249,0.0106,24249,/home/amos/server/media/movies/American Empire (1942)/American Empire (1942).mp4
199,480,640,0,457,514,96,153,3249,0.0106,24386,/home/amos/server/media/movies/American Empire (1942)/American Empire (1942).mp4
200,480,640,0,362,430,78,146,4624,0.0151,24523,/home/amos/server/media/movies/American Empire (1942)/American Empire (1942).mp4
201,480,640,1,71,140,99,167,4692,0.0153,24523,/home/amos/server/media/movies/American Empire (1942)/American Empire (1942).mp4
202,480,640,2,486,554,161,229,4624,0.0151,24523,/home/amos/server/media/movies/American Empire (1942)/American Empire (1942).mp4
203,480,640,0,99,167,78,146,4624,0.0151,24660,/home/amos/server/media/movies/American Empire (1942)/American Empire (1942).mp4
204,480,640,1,468,550,147,229,6724,0.0219,24660,/home/amos/server/media/movies/American Empire (1942)/American Empire (1942).mp4
205,480,640,0,127,195,78,146,4624,0.0151,24797,/home/amos/server/media/movies/American Empire (1942)/American Empire (1942).mp4
206,480,640,1,452,520,189,257,4624,0.0151,24797,/home/amos/server/media/movies/American Empire (1942)/American Empire (1942).mp4
207,480,640,0,94,176,47,129,6724,0.0219,24934,/home/amos/server/media/movies/American Empire (1942)/American Empire (1942).mp4
208,480,640,1,293,361,71,139,4624,0.0151,24934,/home/amos/server/media/movies/American Empire (1942)/American Empire (1942).mp4
209,480,640,2,452,520,168,236,4624,0.0151,24934,/home/amos/server/media/movies/American Empire (1942)/American Empire (1942).mp4
210,480,640,0,293,375,72,154,6724,0.0219,25071,/home/amos/server/media/movies/American Empire (1942)/American Empire (1942).mp4
211,480,640,0,244,312,78,146,4624,0.0151,25482,/home/amos/server/media/movies/American Empire (1942)/American Empire (1942).mp4
212,480,640,0,194,276,72,154,6724,0.0219,25619,/home/amos/server/media/movies/American Empire (1942)/American Empire (1942).mp4
213,480,640,1,310,392,64,146,6724,0.0219,25619,/home/amos/server/media/movies/American Empire (1942)/American Empire (1942).mp4
214,480,640,0,203,271,85,153,4624,0.0151,25756,/home/amos/server/media/movies/American Empire (1942)/American Empire (1942).mp4
215,480,640,1,300,368,85,153,4624,0.0151,25756,/home/amos/server/media/movies/American Empire (1942)/American Empire (1942).mp4
216,480,640,0,202,284,89,171,6724,0.0219,25893,/home/amos/server/media/movies/American Empire (1942)/American Empire (1942).mp4
217,480,640,1,306,375,85,153,4692,0.0153,25893,/home/amos/server/media/movies/American Empire (1942)/American Empire (1942).mp4
218,480,640,0,210,278,85,153,4624,0.0151,26030,/home/amos/server/media/movies/American Empire (1942)/American Empire (1942).mp4
219,480,640,0,326,467,170,312,20022,0.0652,26167,/home/amos/server/media/movies/American Empire (1942)/American Empire (1942).mp4
220,480,640,0,70,151,80,162,6642,0.0216,26304,/home/amos/server/media/movies/American Empire (1942)/American Empire (1942).mp4
221,480,640,1,369,437,119,188,4692,0.0153,26304,/home/amos/server/media/movies/American Empire (1942)/American Empire (1942).mp4
222,480,640,2,472,570,91,189,9604,0.0313,26304,/home/amos/server/media/movies/American Empire (1942)/American Empire (1942).mp4
223,480,640,0,302,384,122,204,6724,0.0219,26441,/home/amos/server/media/movies/American Empire (1942)/American Empire (1942).mp4
224,480,640,1,128,210,80,162,6724,0.0219,26441,/home/amos/server/media/movies/American Empire (1942)/American Empire (1942).mp4
225,480,640,0,327,395,119,188,4692,0.0153,26578,/home/amos/server/media/movies/American Empire (1942)/American Empire (1942).mp4
226,480,640,1,434,516,97,179,6724,0.0219,26578,/home/amos/server/media/movies/American Empire (1942)/American Empire (1942).mp4
227,480,640,2,136,218,122,204,6724,0.0219,26578,/home/amos/server/media/movies/American Empire (1942)/American Empire (1942).mp4
228,480,640,0,412,511,91,189,9702,0.0316,26715,/home/amos/server/media/movies/American Empire (1942)/American Empire (1942).mp4
229,480,640,1,306,375,126,195,4761,0.0155,26715,/home/amos/server/media/movies/American Empire (1942)/American Empire (1942).mp4
230,480,640,2,128,210,105,187,6724,0.0219,26715,/home/amos/server/media/movies/American Empire (1942)/American Empire (1942).mp4
231,480,640,0,327,395,119,188,4692,0.0153,26852,/home/amos/server/media/movies/American Empire (1942)/American Empire (1942).mp4
232,480,640,1,434,516,105,187,6724,0.0219,26852,/home/amos/server/media/movies/American Empire (1942)/American Empire (1942).mp4
233,480,640,2,173,272,81,179,9702,0.0316,26852,/home/amos/server/media/movies/American Empire (1942)/American Empire (1942).mp4
234,480,640,0,213,312,110,209,9801,0.0319,27126,/home/amos/server/media/movies/American Empire (1942)/American Empire (1942).mp4
235,480,640,1,343,461,124,242,13924,0.0453,27126,/home/amos/server/media/movies/American Empire (1942)/American Empire (1942).mp4
236,480,640,0,188,306,88,206,13924,0.0453,27263,/home/amos/server/media/movies/American Empire (1942)/American Empire (1942).mp4
237,480,640,1,343,461,112,230,13924,0.0453,27263,/home/amos/server/media/movies/American Empire (1942)/American Empire (1942).mp4
238,480,640,0,211,329,76,194,13924,0.0453,27400,/home/amos/server/media/movies/American Empire (1942)/American Empire (1942).mp4
239,480,640,1,382,481,110,209,9801,0.0319,27400,/home/amos/server/media/movies/American Empire (1942)/American Empire (1942).mp4
240,480,640,0,203,302,120,219,9801,0.0319,27537,/home/amos/server/media/movies/American Empire (1942)/American Empire (1942).mp4
241,480,640,0,376,433,85,142,3249,0.0106,27811,/home/amos/server/media/movies/American Empire (1942)/American Empire (1942).mp4
242,480,640,1,174,231,79,136,3249,0.0106,27811,/home/amos/server/media/movies/American Empire (1942)/American Empire (1942).mp4
243,480,640,0,177,259,89,171,6724,0.0219,27948,/home/amos/server/media/movies/American Empire (1942)/American Empire (1942).mp4
244,480,640,0,235,317,155,237,6724,0.0219,28085,/home/amos/server/media/movies/American Empire (1942)/American Empire (1942).mp4
245,480,640,0,409,456,86,134,2256,0.0073,28222,/home/amos/server/media/movies/American Empire (1942)/American Empire (1942).mp4
246,480,640,1,169,226,91,148,3249,0.0106,28222,/home/amos/server/media/movies/American Empire (1942)/American Empire (1942).mp4
247,480,640,0,393,450,85,142,3249,0.0106,28359,/home/amos/server/media/movies/American Empire (1942)/American Empire (1942).mp4
248,480,640,1,180,237,91,148,3249,0.0106,28359,/home/amos/server/media/movies/American Empire (1942)/American Empire (1942).mp4
249,480,640,0,227,309,138,220,6724,0.0219,28496,/home/amos/server/media/movies/American Empire (1942)/American Empire (1942).mp4
250,480,640,0,422,479,85,142,3249,0.0106,28633,/home/amos/server/media/movies/American Empire (1942)/American Empire (1942).mp4
251,480,640,1,212,260,105,153,2304,0.0075,28633,/home/amos/server/media/movies/American Empire (1942)/American Empire (1942).mp4
252,480,640,0,533,572,113,153,1560,0.0051,29181,/home/amos/server/media/movies/American Empire (1942)/American Empire (1942).mp4
253,480,640,0,141,180,77,117,1560,0.0051,29318,/home/amos/server/media/movies/American Empire (1942)/American Empire (1942).mp4
254,480,640,1,541,580,113,153,1560,0.0051,29318,/home/amos/server/media/movies/American Empire (1942)/American Empire (1942).mp4
255,480,640,0,485,524,109,149,1560,0.0051,29455,/home/amos/server/media/movies/American Empire (1942)/American Empire (1942).mp4
256,480,640,1,133,172,85,125,1560,0.0051,29455,/home/amos/server/media/movies/American Empire (1942)/American Empire (1942).mp4
257,480,640,0,69,108,85,125,1560,0.0051,29592,/home/amos/server/media/movies/American Empire (1942)/American Empire (1942).mp4
258,480,640,0,569,608,113,153,1560,0.0051,29729,/home/amos/server/media/movies/American Empire (1942)/American Empire (1942).mp4
259,480,640,1,83,130,72,119,2209,0.0072,29729,/home/amos/server/media/movies/American Empire (1942)/American Empire (1942).mp4
260,480,640,0,49,96,86,134,2256,0.0073,29866,/home/amos/server/media/movies/American Empire (1942)/American Empire (1942).mp4
261,480,640,0,433,480,110,158,2256,0.0073,30003,/home/amos/server/media/movies/American Empire (1942)/American Empire (1942).mp4
262,480,640,1,186,243,73,130,3249,0.0106,30003,/home/amos/server/media/movies/American Empire (1942)/American Empire (1942).mp4
263,480,640,0,443,490,115,162,2209,0.0072,30140,/home/amos/server/media/movies/American Empire (1942)/American Empire (1942).mp4
264,480,640,0,327,375,101,148,2256,0.0073,30277,/home/amos/server/media/movies/American Empire (1942)/American Empire (1942).mp4
265,480,640,0,278,335,119,176,3249,0.0106,30414,/home/amos/server/media/movies/American Empire (1942)/American Empire (1942).mp4
266,480,640,0,419,466,96,143,2209,0.0072,30688,/home/amos/server/media/movies/American Empire (1942)/American Empire (1942).mp4
267,480,640,0,336,393,85,142,3249,0.0106,30825,/home/amos/server/media/movies/American Empire (1942)/American Empire (1942).mp4
268,480,640,0,203,271,99,167,4624,0.0151,30962,/home/amos/server/media/movies/American Empire (1942)/American Empire (1942).mp4
269,480,640,0,203,271,113,181,4624,0.0151,31099,/home/amos/server/media/movies/American Empire (1942)/American Empire (1942).mp4
270,480,640,1,410,478,85,153,4624,0.0151,31099,/home/amos/server/media/movies/American Empire (1942)/American Empire (1942).mp4
271,480,640,0,217,285,113,181,4624,0.0151,31236,/home/amos/server/media/movies/American Empire (1942)/American Empire (1942).mp4
272,480,640,1,410,492,72,154,6724,0.0219,31236,/home/amos/server/media/movies/American Empire (1942)/American Empire (1942).mp4
273,480,640,0,180,237,85,142,3249,0.0106,31373,/home/amos/server/media/movies/American Empire (1942)/American Empire (1942).mp4
274,480,640,1,348,416,106,174,4624,0.0151,31373,/home/amos/server/media/movies/American Empire (1942)/American Empire (1942).mp4
275,480,640,0,168,236,92,160,4624,0.0151,31510,/home/amos/server/media/movies/American Empire (1942)/American Empire (1942).mp4
276,480,640,0,576,640,106,174,4352,0.0142,32195,/home/amos/server/media/movies/American Empire (1942)/American Empire (1942).mp4
277,480,640,1,419,466,67,114,2209,0.0072,32195,/home/amos/server/media/movies/American Empire (1942)/American Empire (1942).mp4
278,480,640,2,92,160,78,146,4624,0.0151,32195,/home/amos/server/media/movies/American Empire (1942)/American Empire (1942).mp4
279,480,640,0,370,427,68,125,3249,0.0106,32332,/home/amos/server/media/movies/American Empire (1942)/American Empire (1942).mp4
280,480,640,1,590,640,99,167,3400,0.0111,32332,/home/amos/server/media/movies/American Empire (1942)/American Empire (1942).mp4
281,480,640,2,86,168,130,212,6724,0.0219,32332,/home/amos/server/media/movies/American Empire (1942)/American Empire (1942).mp4
282,480,640,3,217,285,57,126,4692,0.0153,32332,/home/amos/server/media/movies/American Empire (1942)/American Empire (1942).mp4
283,480,640,0,307,364,125,182,3249,0.0106,32606,/home/amos/server/media/movies/American Empire (1942)/American Empire (1942).mp4
284,480,640,1,457,514,73,130,3249,0.0106,32606,/home/amos/server/media/movies/American Empire (1942)/American Empire (1942).mp4
285,480,640,2,175,243,71,139,4624,0.0151,32606,/home/amos/server/media/movies/American Empire (1942)/American Empire (1942).mp4
286,480,640,0,491,548,62,119,3249,0.0106,32743,/home/amos/server/media/movies/American Empire (1942)/American Empire (1942).mp4
287,480,640,1,307,364,131,188,3249,0.0106,32743,/home/amos/server/media/movies/American Empire (1942)/American Empire (1942).mp4
288,480,640,2,127,195,71,139,4624,0.0151,32743,/home/amos/server/media/movies/American Empire (1942)/American Empire (1942).mp4
289,480,640,0,313,370,114,171,3249,0.0106,33154,/home/amos/server/media/movies/American Empire (1942)/American Empire (1942).mp4
290,480,640,1,500,568,57,126,4692,0.0153,33154,/home/amos/server/media/movies/American Empire (1942)/American Empire (1942).mp4
291,480,640,2,161,230,71,139,4692,0.0153,33154,/home/amos/server/media/movies/American Empire (1942)/American Empire (1942).mp4
292,480,640,0,189,257,71,139,4624,0.0151,33428,/home/amos/server/media/movies/American Empire (1942)/American Empire (1942).mp4
293,480,640,1,452,520,64,132,4624,0.0151,33428,/home/amos/server/media/movies/American Empire (1942)/American Empire (1942).mp4
294,480,640,2,330,387,119,176,3249,0.0106,33428,/home/amos/server/media/movies/American Empire (1942)/American Empire (1942).mp4
295,480,640,0,82,139,119,176,3249,0.0106,33839,/home/amos/server/media/movies/American Empire (1942)/American Empire (1942).mp4
296,480,640,1,330,387,125,182,3249,0.0106,33839,/home/amos/server/media/movies/American Empire (1942)/American Empire (1942).mp4
297,480,640,2,497,554,79,136,3249,0.0106,33839,/home/amos/server/media/movies/American Empire (1942)/American Empire (1942).mp4
298,480,640,0,443,525,122,204,6724,0.0219,33976,/home/amos/server/media/movies/American Empire (1942)/American Empire (1942).mp4
299,480,640,1,183,282,91,189,9702,0.0316,33976,/home/amos/server/media/movies/American Empire (1942)/American Empire (1942).mp4
300,480,640,0,426,508,138,220,6724,0.0219,34113,/home/amos/server/media/movies/American Empire (1942)/American Empire (1942).mp4
301,480,640,1,152,270,100,218,13924,0.0453,34113,/home/amos/server/media/movies/American Empire (1942)/American Empire (1942).mp4
302,480,640,0,254,396,113,255,20164,0.0656,34250,/home/amos/server/media/movies/American Empire (1942)/American Empire (1942).mp4
303,480,640,0,485,542,79,136,3249,0.0106,34387,/home/amos/server/media/movies/American Empire (1942)/American Empire (1942).mp4
304,480,640,1,307,364,125,182,3249,0.0106,34387,/home/amos/server/media/movies/American Empire (1942)/American Empire (1942).mp4
305,480,640,0,313,370,119,176,3249,0.0106,34524,/home/amos/server/media/movies/American Empire (1942)/American Empire (1942).mp4
306,480,640,1,474,531,85,142,3249,0.0106,34524,/home/amos/server/media/movies/American Empire (1942)/American Empire (1942).mp4
307,480,640,0,393,475,130,212,6724,0.0219,34661,/home/amos/server/media/movies/American Empire (1942)/American Empire (1942).mp4
308,480,640,0,163,262,91,189,9702,0.0316,34798,/home/amos/server/media/movies/American Empire (1942)/American Empire (1942).mp4
309,480,640,1,418,500,138,220,6724,0.0219,34798,/home/amos/server/media/movies/American Empire (1942)/American Empire (1942).mp4
310,480,640,0,163,220,108,165,3249,0.0106,34935,/home/amos/server/media/movies/American Empire (1942)/American Empire (1942).mp4
311,480,640,1,278,335,119,176,3249,0.0106,34935,/home/amos/server/media/movies/American Empire (1942)/American Empire (1942).mp4
312,480,640,2,451,508,85,142,3249,0.0106,34935,/home/amos/server/media/movies/American Empire (1942)/American Empire (1942).mp4
313,480,640,0,294,341,120,167,2209,0.0072,35072,/home/amos/server/media/movies/American Empire (1942)/American Empire (1942).mp4
314,480,640,1,451,508,85,142,3249,0.0106,35072,/home/amos/server/media/movies/American Empire (1942)/American Empire (1942).mp4
315,480,640,2,174,231,108,165,3249,0.0106,35072,/home/amos/server/media/movies/American Empire (1942)/American Empire (1942).mp4
316,480,640,0,303,351,120,167,2256,0.0073,35209,/home/amos/server/media/movies/American Empire (1942)/American Empire (1942).mp4
317,480,640,1,451,508,85,142,3249,0.0106,35209,/home/amos/server/media/movies/American Empire (1942)/American Empire (1942).mp4
318,480,640,2,169,226,102,159,3249,0.0106,35209,/home/amos/server/media/movies/American Empire (1942)/American Empire (1942).mp4
319,480,640,0,284,332,120,167,2256,0.0073,35346,/home/amos/server/media/movies/American Empire (1942)/American Empire (1942).mp4
320,480,640,1,120,188,99,167,4624,0.0151,35346,/home/amos/server/media/movies/American Empire (1942)/American Empire (1942).mp4
321,480,640,2,438,506,71,139,4624,0.0151,35346,/home/amos/server/media/movies/American Empire (1942)/American Empire (1942).mp4
322,480,640,0,308,356,129,177,2304,0.0075,35483,/home/amos/server/media/movies/American Empire (1942)/American Empire (1942).mp4
323,480,640,1,451,508,79,136,3249,0.0106,35483,/home/amos/server/media/movies/American Empire (1942)/American Empire (1942).mp4
324,480,640,2,163,220,108,165,3249,0.0106,35483,/home/amos/server/media/movies/American Empire (1942)/American Empire (1942).mp4
325,480,640,0,439,496,73,130,3249,0.0106,35620,/home/amos/server/media/movies/American Empire (1942)/American Empire (1942).mp4
326,480,640,1,313,360,120,167,2209,0.0072,35620,/home/amos/server/media/movies/American Empire (1942)/American Empire (1942).mp4
327,480,640,2,174,231,108,165,3249,0.0106,35620,/home/amos/server/media/movies/American Empire (1942)/American Empire (1942).mp4
328,480,640,0,459,541,130,212,6724,0.0219,35757,/home/amos/server/media/movies/American Empire (1942)/American Empire (1942).mp4
329,480,640,1,203,302,81,179,9702,0.0316,35757,/home/amos/server/media/movies/American Empire (1942)/American Empire (1942).mp4
330,480,640,0,254,396,127,269,20164,0.0656,35894,/home/amos/server/media/movies/American Empire (1942)/American Empire (1942).mp4
331,480,640,0,254,396,127,269,20164,0.0656,36031,/home/amos/server/media/movies/American Empire (1942)/American Empire (1942).mp4
332,480,640,0,313,360,125,172,2209,0.0072,36168,/home/amos/server/media/movies/American Empire (1942)/American Empire (1942).mp4
333,480,640,1,192,249,108,165,3249,0.0106,36168,/home/amos/server/media/movies/American Empire (1942)/American Empire (1942).mp4
334,480,640,2,445,502,91,148,3249,0.0106,36168,/home/amos/server/media/movies/American Empire (1942)/American Empire (1942).mp4
335,480,640,0,443,525,130,212,6724,0.0219,36305,/home/amos/server/media/movies/American Empire (1942)/American Empire (1942).mp4
336,480,640,0,410,492,122,204,6724,0.0219,36442,/home/amos/server/media/movies/American Empire (1942)/American Empire (1942).mp4
337,480,640,1,244,326,105,187,6724,0.0219,36442,/home/amos/server/media/movies/American Empire (1942)/American Empire (1942).mp4
338,480,640,0,393,475,122,204,6724,0.0219,36579,/home/amos/server/media/movies/American Empire (1942)/American Empire (1942).mp4
339,480,640,1,235,317,105,187,6724,0.0219,36579,/home/amos/server/media/movies/American Empire (1942)/American Empire (1942).mp4
340,480,640,0,376,458,122,204,6724,0.0219,36716,/home/amos/server/media/movies/American Empire (1942)/American Empire (1942).mp4
341,480,640,1,251,319,106,174,4624,0.0151,36716,/home/amos/server/media/movies/American Empire (1942)/American Empire (1942).mp4
342,480,640,0,368,450,114,195,6642,0.0216,36853,/home/amos/server/media/movies/American Empire (1942)/American Empire (1942).mp4
343,480,640,0,227,274,120,167,2209,0.0072,36990,/home/amos/server/media/movies/American Empire (1942)/American Empire (1942).mp4
344,480,640,1,364,421,119,176,3249,0.0106,36990,/home/amos/server/media/movies/American Empire (1942)/American Empire (1942).mp4
345,480,640,2,94,151,91,148,3249,0.0106,36990,/home/amos/server/media/movies/American Empire (1942)/American Empire (1942).mp4
346,480,640,3,462,519,39,96,3249,0.0106,36990,/home/amos/server/media/movies/American Empire (1942)/American Empire (1942).mp4
347,480,640,0,388,444,114,171,3192,0.0104,37127,/home/amos/server/media/movies/American Empire (1942)/American Empire (1942).mp4
348,480,640,1,220,277,79,136,3249,0.0106,37127,/home/amos/server/media/movies/American Empire (1942)/American Empire (1942).mp4
349,480,640,0,390,437,120,167,2209,0.0072,37264,/home/amos/server/media/movies/American Empire (1942)/American Empire (1942).mp4
350,480,640,1,203,260,96,153,3249,0.0106,37264,/home/amos/server/media/movies/American Empire (1942)/American Empire (1942).mp4
351,480,640,0,390,437,115,162,2209,0.0072,37401,/home/amos/server/media/movies/American Empire (1942)/American Empire (1942).mp4
352,480,640,1,209,266,85,142,3249,0.0106,37401,/home/amos/server/media/movies/American Empire (1942)/American Empire (1942).mp4
353,480,640,0,347,394,115,162,2209,0.0072,38223,/home/amos/server/media/movies/American Empire (1942)/American Empire (1942).mp4
354,480,640,0,275,322,115,162,2209,0.0072,39182,/home/amos/server/media/movies/American Empire (1942)/American Empire (1942).mp4
355,480,640,0,529,568,93,133,1560,0.0051,39456,/home/amos/server/media/movies/American Empire (1942)/American Empire (1942).mp4
356,480,640,1,121,160,81,121,1560,0.0051,39456,/home/amos/server/media/movies/American Empire (1942)/American Empire (1942).mp4
357,480,640,2,255,303,81,129,2304,0.0075,39456,/home/amos/server/media/movies/American Empire (1942)/American Empire (1942).mp4
358,480,640,3,377,416,109,149,1560,0.0051,39456,/home/amos/server/media/movies/American Empire (1942)/American Empire (1942).mp4
359,480,640,0,409,448,101,141,1560,0.0051,39593,/home/amos/server/media/movies/American Empire (1942)/American Empire (1942).mp4
360,480,640,1,318,365,120,167,2209,0.0072,39593,/home/amos/server/media/movies/American Empire (1942)/American Empire (1942).mp4
361,480,640,2,30,77,101,148,2209,0.0072,39593,/home/amos/server/media/movies/American Empire (1942)/American Empire (1942).mp4
362,480,640,3,457,504,86,134,2256,0.0073,39593,/home/amos/server/media/movies/American Empire (1942)/American Empire (1942).mp4
363,480,640,4,101,140,89,129,1560,0.0051,39593,/home/amos/server/media/movies/American Empire (1942)/American Empire (1942).mp4
364,480,640,5,253,292,89,129,1560,0.0051,39593,/home/amos/server/media/movies/American Empire (1942)/American Empire (1942).mp4
365,480,640,6,217,256,97,137,1560,0.0051,39593,/home/amos/server/media/movies/American Empire (1942)/American Empire (1942).mp4
366,480,640,0,481,528,81,129,2256,0.0073,39730,/home/amos/server/media/movies/American Empire (1942)/American Empire (1942).mp4
367,480,640,1,11,58,86,134,2256,0.0073,39730,/home/amos/server/media/movies/American Empire (1942)/American Empire (1942).mp4
368,480,640,2,341,380,105,145,1560,0.0051,39730,/home/amos/server/media/movies/American Empire (1942)/American Empire (1942).mp4
369,480,640,3,145,184,65,105,1560,0.0051,39730,/home/amos/server/media/movies/American Empire (1942)/American Empire (1942).mp4
370,480,640,0,163,262,71,169,9702,0.0316,39867,/home/amos/server/media/movies/American Empire (1942)/American Empire (1942).mp4
371,480,640,0,343,441,200,298,9604,0.0313,40004,/home/amos/server/media/movies/American Empire (1942)/American Empire (1942).mp4
372,480,640,1,154,252,130,229,9702,0.0316,40004,/home/amos/server/media/movies/American Empire (1942)/American Empire (1942).mp4
373,480,640,2,272,340,106,174,4624,0.0151,40004,/home/amos/server/media/movies/American Empire (1942)/American Empire (1942).mp4
374,480,640,0,84,182,110,209,9702,0.0316,40141,/home/amos/server/media/movies/American Empire (1942)/American Empire (1942).mp4
375,480,640,1,300,368,119,188,4692,0.0153,40141,/home/amos/server/media/movies/American Empire (1942)/American Empire (1942).mp4
376,480,640,0,501,540,81,121,1560,0.0051,40552,/home/amos/server/media/movies/American Empire (1942)/American Empire (1942).mp4
377,480,640,1,301,340,117,157,1560,0.0051,40552,/home/amos/server/media/movies/American Empire (1942)/American Empire (1942).mp4
378,480,640,2,357,396,97,137,1560,0.0051,40552,/home/amos/server/media/movies/American Empire (1942)/American Empire (1942).mp4
379,480,640,3,107,154,96,143,2209,0.0072,40552,/home/amos/server/media/movies/American Empire (1942)/American Empire (1942).mp4
380,480,640,4,465,504,129,169,1560,0.0051,40552,/home/amos/server/media/movies/American Empire (1942)/American Empire (1942).mp4
381,480,640,5,45,84,93,133,1560,0.0051,40552,/home/amos/server/media/movies/American Empire (1942)/American Empire (1942).mp4
382,480,640,0,553,600,72,119,2209,0.0072,40689,/home/amos/server/media/movies/American Empire (1942)/American Empire (1942).mp4
383,480,640,1,389,428,101,141,1560,0.0051,40689,/home/amos/server/media/movies/American Empire (1942)/American Empire (1942).mp4
384,480,640,2,277,316,117,157,1560,0.0051,40689,/home/amos/server/media/movies/American Empire (1942)/American Empire (1942).mp4
385,480,640,3,469,508,133,173,1560,0.0051,40689,/home/amos/server/media/movies/American Empire (1942)/American Empire (1942).mp4
386,480,640,4,41,80,93,133,1560,0.0051,40689,/home/amos/server/media/movies/American Empire (1942)/American Empire (1942).mp4
387,480,640,5,121,168,86,134,2256,0.0073,40689,/home/amos/server/media/movies/American Empire (1942)/American Empire (1942).mp4
388,480,640,0,88,145,85,142,3249,0.0106,40826,/home/amos/server/media/movies/American Empire (1942)/American Empire (1942).mp4
389,480,640,1,289,336,149,196,2209,0.0072,40826,/home/amos/server/media/movies/American Empire (1942)/American Empire (1942).mp4
390,480,640,2,481,520,137,177,1560,0.0051,40826,/home/amos/server/media/movies/American Empire (1942)/American Empire (1942).mp4
391,480,640,3,405,444,105,145,1560,0.0051,40826,/home/amos/server/media/movies/American Empire (1942)/American Empire (1942).mp4
392,480,640,0,169,251,56,137,6642,0.0216,40963,/home/amos/server/media/movies/American Empire (1942)/American Empire (1942).mp4
393,480,640,1,313,370,91,148,3249,0.0106,40963,/home/amos/server/media/movies/American Empire (1942)/American Empire (1942).mp4
394,480,640,0,426,508,155,237,6724,0.0219,41100,/home/amos/server/media/movies/American Empire (1942)/American Empire (1942).mp4
395,480,640,1,284,341,91,148,3249,0.0106,41100,/home/amos/server/media/movies/American Empire (1942)/American Empire (1942).mp4
396,480,640,2,128,210,72,154,6724,0.0219,41100,/home/amos/server/media/movies/American Empire (1942)/American Empire (1942).mp4
397,480,640,0,492,590,91,189,9604,0.0313,41237,/home/amos/server/media/movies/American Empire (1942)/American Empire (1942).mp4
398,480,640,1,203,302,170,268,9702,0.0316,41237,/home/amos/server/media/movies/American Empire (1942)/American Empire (1942).mp4
399,480,640,0,472,570,110,209,9702,0.0316,41374,/home/amos/server/media/movies/American Empire (1942)/American Empire (1942).mp4
400,480,640,1,194,276,180,262,6724,0.0219,41374,/home/amos/server/media/movies/American Empire (1942)/American Empire (1942).mp4
401,480,640,2,128,210,163,245,6724,0.0219,41374,/home/amos/server/media/movies/American Empire (1942)/American Empire (1942).mp4
402,480,640,0,128,210,172,254,6724,0.0219,41511,/home/amos/server/media/movies/American Empire (1942)/American Empire (1942).mp4
403,480,640,1,452,550,130,229,9702,0.0316,41511,/home/amos/server/media/movies/American Empire (1942)/American Empire (1942).mp4
404,480,640,0,313,352,137,177,1560,0.0051,41648,/home/amos/server/media/movies/American Empire (1942)/American Empire (1942).mp4
405,480,640,1,373,412,121,161,1560,0.0051,41648,/home/amos/server/media/movies/American Empire (1942)/American Empire (1942).mp4
406,480,640,2,111,168,108,165,3249,0.0106,41648,/home/amos/server/media/movies/American Empire (1942)/American Empire (1942).mp4
407,480,640,0,251,298,110,158,2256,0.0073,41785,/home/amos/server/media/movies/American Empire (1942)/American Empire (1942).mp4
408,480,640,1,377,416,105,145,1560,0.0051,41785,/home/amos/server/media/movies/American Empire (1942)/American Empire (1942).mp4
409,480,640,2,529,576,81,129,2256,0.0073,41785,/home/amos/server/media/movies/American Empire (1942)/American Empire (1942).mp4
410,480,640,3,433,472,137,177,1560,0.0051,41785,/home/amos/server/media/movies/American Empire (1942)/American Empire (1942).mp4
411,480,640,4,13,52,93,133,1560,0.0051,41785,/home/amos/server/media/movies/American Empire (1942)/American Empire (1942).mp4
412,480,640,5,76,133,79,136,3249,0.0106,41785,/home/amos/server/media/movies/American Empire (1942)/American Empire (1942).mp4
413,480,640,0,587,634,77,124,2209,0.0072,41922,/home/amos/server/media/movies/American Empire (1942)/American Empire (1942).mp4
414,480,640,1,481,520,129,169,1560,0.0051,41922,/home/amos/server/media/movies/American Empire (1942)/American Empire (1942).mp4
415,480,640,2,433,472,101,141,1560,0.0051,41922,/home/amos/server/media/movies/American Empire (1942)/American Empire (1942).mp4
416,480,640,3,337,376,145,185,1560,0.0051,41922,/home/amos/server/media/movies/American Empire (1942)/American Empire (1942).mp4
417,480,640,4,65,122,85,142,3249,0.0106,41922,/home/amos/server/media/movies/American Empire (1942)/American Empire (1942).mp4
418,480,640,0,577,624,91,138,2209,0.0072,42059,/home/amos/server/media/movies/American Empire (1942)/American Empire (1942).mp4
419,480,640,1,425,464,97,137,1560,0.0051,42059,/home/amos/server/media/movies/American Empire (1942)/American Empire (1942).mp4
420,480,640,2,109,148,89,129,1560,0.0051,42059,/home/amos/server/media/movies/American Empire (1942)/American Empire (1942).mp4
421,480,640,3,469,508,129,169,1560,0.0051,42059,/home/amos/server/media/movies/American Empire (1942)/American Empire (1942).mp4
422,480,640,4,68,116,81,129,2304,0.0075,42059,/home/amos/server/media/movies/American Empire (1942)/American Empire (1942).mp4
423,480,640,5,404,452,192,239,2256,0.0073,42059,/home/amos/server/media/movies/American Empire (1942)/American Empire (1942).mp4
424,480,640,0,134,232,230,328,9604,0.0313,42196,/home/amos/server/media/movies/American Empire (1942)/American Empire (1942).mp4
425,480,640,1,391,509,76,194,13924,0.0453,42196,/home/amos/server/media/movies/American Empire (1942)/American Empire (1942).mp4
426,480,640,0,169,251,80,162,6724,0.0219,42333,/home/amos/server/media/movies/American Empire (1942)/American Empire (1942).mp4
427,480,640,1,396,465,216,284,4692,0.0153,42333,/home/amos/server/media/movies/American Empire (1942)/American Empire (1942).mp4
428,480,640,0,211,292,72,154,6642,0.0216,42470,/home/amos/server/media/movies/American Empire (1942)/American Empire (1942).mp4
429,480,640,1,476,558,130,212,6724,0.0219,42470,/home/amos/server/media/movies/American Empire (1942)/American Empire (1942).mp4
430,480,640,2,86,168,64,146,6724,0.0219,42470,/home/amos/server/media/movies/American Empire (1942)/American Empire (1942).mp4
431,480,640,0,164,282,100,218,13924,0.0453,42607,/home/amos/server/media/movies/American Empire (1942)/American Empire (1942).mp4
432,480,640,1,403,521,160,278,13924,0.0453,42607,/home/amos/server/media/movies/American Empire (1942)/American Empire (1942).mp4
433,480,640,0,259,377,88,206,13924,0.0453,42744,/home/amos/server/media/movies/American Empire (1942)/American Empire (1942).mp4
434,480,640,1,0,93,160,259,9207,0.03,42744,/home/amos/server/media/movies/American Empire (1942)/American Empire (1942).mp4
435,480,640,0,301,340,93,133,1560,0.0051,42881,/home/amos/server/media/movies/American Empire (1942)/American Empire (1942).mp4
436,480,640,0,279,347,57,126,4692,0.0153,43018,/home/amos/server/media/movies/American Empire (1942)/American Empire (1942).mp4
437,480,640,1,445,502,96,153,3249,0.0106,43018,/home/amos/server/media/movies/American Empire (1942)/American Empire (1942).mp4
438,480,640,2,71,140,119,188,4761,0.0155,43018,/home/amos/server/media/movies/American Empire (1942)/American Empire (1942).mp4
439,480,640,0,334,402,57,126,4692,0.0153,43155,/home/amos/server/media/movies/American Empire (1942)/American Empire (1942).mp4
440,480,640,1,514,582,92,160,4624,0.0151,43155,/home/amos/server/media/movies/American Empire (1942)/American Empire (1942).mp4
441,480,640,2,226,283,102,159,3249,0.0106,43155,/home/amos/server/media/movies/American Empire (1942)/American Empire (1942).mp4
442,480,640,0,297,439,99,240,20022,0.0652,43292,/home/amos/server/media/movies/American Empire (1942)/American Empire (1942).mp4
443,480,640,1,183,324,127,269,20022,0.0652,43292,/home/amos/server/media/movies/American Empire (1942)/American Empire (1942).mp4
444,480,640,0,340,482,99,240,20022,0.0652,43429,/home/amos/server/media/movies/American Empire (1942)/American Empire (1942).mp4
445,480,640,1,125,267,156,298,20164,0.0656,43429,/home/amos/server/media/movies/American Empire (1942)/American Empire (1942).mp4
446,480,640,0,312,453,84,226,20022,0.0652,43566,/home/amos/server/media/movies/American Empire (1942)/American Empire (1942).mp4
447,480,640,1,223,341,136,254,13924,0.0453,43566,/home/amos/server/media/movies/American Empire (1942)/American Empire (1942).mp4
448,480,640,0,154,295,170,312,20022,0.0652,43703,/home/amos/server/media/movies/American Empire (1942)/American Empire (1942).mp4
449,480,640,1,319,437,124,242,13924,0.0453,43703,/home/amos/server/media/movies/American Empire (1942)/American Empire (1942).mp4
450,480,640,0,307,425,112,230,13924,0.0453,43840,/home/amos/server/media/movies/American Empire (1942)/American Empire (1942).mp4
451,480,640,1,140,281,156,298,20022,0.0652,43840,/home/amos/server/media/movies/American Empire (1942)/American Empire (1942).mp4
452,480,640,0,125,267,156,298,20164,0.0656,43977,/home/amos/server/media/movies/American Empire (1942)/American Empire (1942).mp4
453,480,640,1,283,424,113,255,20022,0.0652,43977,/home/amos/server/media/movies/American Empire (1942)/American Empire (1942).mp4
454,480,640,0,334,402,78,146,4624,0.0151,44114,/home/amos/server/media/movies/American Empire (1942)/American Empire (1942).mp4
455,480,640,1,189,257,154,222,4624,0.0151,44114,/home/amos/server/media/movies/American Empire (1942)/American Empire (1942).mp4
456,480,640,0,335,417,64,146,6724,0.0219,44251,/home/amos/server/media/movies/American Empire (1942)/American Empire (1942).mp4
457,480,640,1,154,223,119,188,4761,0.0155,44251,/home/amos/server/media/movies/American Empire (1942)/American Empire (1942).mp4
458,480,640,0,334,402,71,139,4624,0.0151,44388,/home/amos/server/media/movies/American Empire (1942)/American Empire (1942).mp4
459,480,640,1,203,271,113,181,4624,0.0151,44388,/home/amos/server/media/movies/American Empire (1942)/American Empire (1942).mp4
460,480,640,0,257,296,93,133,1560,0.0051,44525,/home/amos/server/media/movies/American Empire (1942)/American Empire (1942).mp4
461,480,640,1,553,600,110,158,2256,0.0073,44525,/home/amos/server/media/movies/American Empire (1942)/American Empire (1942).mp4
462,480,640,2,357,396,97,137,1560,0.0051,44525,/home/amos/server/media/movies/American Empire (1942)/American Empire (1942).mp4
463,480,640,3,289,336,129,177,2256,0.0073,44525,/home/amos/server/media/movies/American Empire (1942)/American Empire (1942).mp4
464,480,640,4,213,252,125,165,1560,0.0051,44525,/home/amos/server/media/movies/American Empire (1942)/American Empire (1942).mp4
465,480,640,5,145,192,81,129,2256,0.0073,44525,/home/amos/server/media/movies/American Empire (1942)/American Empire (1942).mp4
466,480,640,0,515,562,134,182,2256,0.0073,44662,/home/amos/server/media/movies/American Empire (1942)/American Empire (1942).mp4
467,480,640,1,345,384,93,133,1560,0.0051,44662,/home/amos/server/media/movies/American Empire (1942)/American Empire (1942).mp4
468,480,640,2,260,308,139,186,2256,0.0073,44662,/home/amos/server/media/movies/American Empire (1942)/American Empire (1942).mp4
469,480,640,3,185,224,129,169,1560,0.0051,44662,/home/amos/server/media/movies/American Empire (1942)/American Empire (1942).mp4
470,480,640,4,261,300,89,129,1560,0.0051,44662,/home/amos/server/media/movies/American Empire (1942)/American Empire (1942).mp4
471,480,640,0,233,331,81,179,9604,0.0313,44799,/home/amos/server/media/movies/American Empire (1942)/American Empire (1942).mp4
472,480,640,0,437,476,113,153,1560,0.0051,45073,/home/amos/server/media/movies/American Empire (1942)/American Empire (1942).mp4
473,480,640,1,5,44,113,153,1560,0.0051,45073,/home/amos/server/media/movies/American Empire (1942)/American Empire (1942).mp4
474,480,640,2,65,122,73,130,3249,0.0106,45073,/home/amos/server/media/movies/American Empire (1942)/American Empire (1942).mp4
475,480,640,0,465,534,64,132,4692,0.0153,45210,/home/amos/server/media/movies/American Empire (1942)/American Empire (1942).mp4
476,480,640,1,284,341,85,142,3249,0.0106,45210,/home/amos/server/media/movies/American Empire (1942)/American Empire (1942).mp4
477,480,640,2,42,99,45,101,3192,0.0104,45210,/home/amos/server/media/movies/American Empire (1942)/American Empire (1942).mp4
478,480,640,0,113,181,71,139,4624,0.0151,45347,/home/amos/server/media/movies/American Empire (1942)/American Empire (1942).mp4
479,480,640,1,474,531,85,142,3249,0.0106,45347,/home/amos/server/media/movies/American Empire (1942)/American Empire (1942).mp4
480,480,640,2,272,329,96,153,3249,0.0106,45347,/home/amos/server/media/movies/American Empire (1942)/American Empire (1942).mp4
481,480,640,0,228,398,117,287,28900,0.0941,45484,/home/amos/server/media/movies/American Empire (1942)/American Empire (1942).mp4
482,480,640,0,154,252,81,179,9604,0.0313,45621,/home/amos/server/media/movies/American Empire (1942)/American Empire (1942).mp4
483,480,640,1,442,540,130,229,9702,0.0316,45621,/home/amos/server/media/movies/American Empire (1942)/American Empire (1942).mp4
484,480,640,0,163,262,71,169,9702,0.0316,45758,/home/amos/server/media/movies/American Empire (1942)/American Empire (1942).mp4
485,480,640,1,452,550,120,219,9702,0.0316,45758,/home/amos/server/media/movies/American Empire (1942)/American Empire (1942).mp4
486,480,640,0,245,415,134,304,28900,0.0941,45895,/home/amos/server/media/movies/American Empire (1942)/American Empire (1942).mp4
487,480,640,0,154,252,81,179,9604,0.0313,46032,/home/amos/server/media/movies/American Empire (1942)/American Empire (1942).mp4
488,480,640,1,434,516,138,220,6724,0.0219,46032,/home/amos/server/media/movies/American Empire (1942)/American Empire (1942).mp4
489,480,640,0,442,540,140,239,9702,0.0316,46169,/home/amos/server/media/movies/American Empire (1942)/American Empire (1942).mp4
490,480,640,1,164,282,76,194,13924,0.0453,46169,/home/amos/server/media/movies/American Empire (1942)/American Empire (1942).mp4
491,480,640,0,128,246,76,194,13924,0.0453,46306,/home/amos/server/media/movies/American Empire (1942)/American Empire (1942).mp4
492,480,640,1,432,531,130,229,9801,0.0319,46306,/home/amos/server/media/movies/American Empire (1942)/American Empire (1942).mp4
493,480,640,0,128,246,76,194,13924,0.0453,46443,/home/amos/server/media/movies/American Empire (1942)/American Empire (1942).mp4
494,480,640,1,442,540,120,219,9702,0.0316,46443,/home/amos/server/media/movies/American Empire (1942)/American Empire (1942).mp4
495,480,640,0,211,292,89,171,6642,0.0216,46580,/home/amos/server/media/movies/American Empire (1942)/American Empire (1942).mp4
496,480,640,1,426,508,130,212,6724,0.0219,46580,/home/amos/server/media/movies/American Empire (1942)/American Empire (1942).mp4
497,480,640,0,228,398,117,287,28900,0.0941,46717,/home/amos/server/media/movies/American Empire (1942)/American Empire (1942).mp4
498,480,640,0,144,242,71,169,9604,0.0313,46854,/home/amos/server/media/movies/American Empire (1942)/American Empire (1942).mp4
499,480,640,1,422,521,110,209,9801,0.0319,46854,/home/amos/server/media/movies/American Empire (1942)/American Empire (1942).mp4
500,480,640,0,353,392,109,149,1560,0.0051,46991,/home/amos/server/media/movies/American Empire (1942)/American Empire (1942).mp4
501,480,640,1,65,133,57,126,4692,0.0153,46991,/home/amos/server/media/movies/American Empire (1942)/American Empire (1942).mp4
502,480,640,0,423,471,86,134,2304,0.0075,47128,/home/amos/server/media/movies/American Empire (1942)/American Empire (1942).mp4
503,480,640,1,207,255,110,158,2304,0.0075,47128,/home/amos/server/media/movies/American Empire (1942)/American Empire (1942).mp4
504,480,640,2,51,119,78,146,4624,0.0151,47128,/home/amos/server/media/movies/American Empire (1942)/American Empire (1942).mp4
505,480,640,0,134,202,57,126,4692,0.0153,47265,/home/amos/server/media/movies/American Empire (1942)/American Empire (1942).mp4
506,480,640,1,389,458,71,139,4692,0.0153,47265,/home/amos/server/media/movies/American Empire (1942)/American Empire (1942).mp4
507,480,640,2,267,323,108,165,3192,0.0104,47265,/home/amos/server/media/movies/American Empire (1942)/American Empire (1942).mp4
508,480,640,0,245,415,134,304,28900,0.0941,47402,/home/amos/server/media/movies/American Empire (1942)/American Empire (1942).mp4
509,480,640,0,71,140,78,146,4692,0.0153,47539,/home/amos/server/media/movies/American Empire (1942)/American Empire (1942).mp4
510,480,640,1,389,458,119,188,4761,0.0155,47539,/home/amos/server/media/movies/American Empire (1942)/American Empire (1942).mp4
511,480,640,2,307,364,114,171,3249,0.0106,47539,/home/amos/server/media/movies/American Empire (1942)/American Empire (1942).mp4
512,480,640,3,0,57,140,208,3876,0.0126,47539,/home/amos/server/media/movies/American Empire (1942)/American Empire (1942).mp4
513,480,640,0,157,214,56,113,3249,0.0106,47676,/home/amos/server/media/movies/American Empire (1942)/American Empire (1942).mp4
514,480,640,1,220,277,73,130,3249,0.0106,47676,/home/amos/server/media/movies/American Empire (1942)/American Empire (1942).mp4
515,480,640,2,347,394,115,162,2209,0.0072,47676,/home/amos/server/media/movies/American Empire (1942)/American Empire (1942).mp4
516,480,640,3,277,316,105,145,1560,0.0051,47676,/home/amos/server/media/movies/American Empire (1942)/American Empire (1942).mp4
517,480,640,4,337,376,69,109,1560,0.0051,47676,/home/amos/server/media/movies/American Empire (1942)/American Empire (1942).mp4
518,480,640,0,369,437,85,153,4624,0.0151,48635,/home/amos/server/media/movies/American Empire (1942)/American Empire (1942).mp4
519,480,640,1,237,306,92,160,4692,0.0153,48635,/home/amos/server/media/movies/American Empire (1942)/American Empire (1942).mp4
520,480,640,0,403,471,85,153,4624,0.0151,48772,/home/amos/server/media/movies/American Empire (1942)/American Empire (1942).mp4
521,480,640,1,265,333,92,160,4624,0.0151,48772,/home/amos/server/media/movies/American Empire (1942)/American Empire (1942).mp4
522,480,640,0,272,340,161,229,4624,0.0151,50690,/home/amos/server/media/movies/American Empire (1942)/American Empire (1942).mp4
523,480,640,0,495,543,48,95,2256,0.0073,50964,/home/amos/server/media/movies/American Empire (1942)/American Empire (1942).mp4
524,480,640,0,428,476,67,114,2256,0.0073,51101,/home/amos/server/media/movies/American Empire (1942)/American Empire (1942).mp4
525,480,640,1,135,183,264,311,2256,0.0073,51101,/home/amos/server/media/movies/American Empire (1942)/American Empire (1942).mp4
526,480,640,0,306,375,71,139,4692,0.0153,51238,/home/amos/server/media/movies/American Empire (1942)/American Empire (1942).mp4
527,480,640,0,202,284,114,195,6642,0.0216,51375,/home/amos/server/media/movies/American Empire (1942)/American Empire (1942).mp4
528,480,640,1,293,375,89,171,6724,0.0219,51375,/home/amos/server/media/movies/American Empire (1942)/American Empire (1942).mp4
529,480,640,0,252,334,89,171,6724,0.0219,51512,/home/amos/server/media/movies/American Empire (1942)/American Empire (1942).mp4
530,480,640,0,196,264,126,195,4692,0.0153,51649,/home/amos/server/media/movies/American Empire (1942)/American Empire (1942).mp4
531,480,640,1,279,347,113,181,4624,0.0151,51649,/home/amos/server/media/movies/American Empire (1942)/American Empire (1942).mp4
532,480,640,0,265,333,78,146,4624,0.0151,51786,/home/amos/server/media/movies/American Empire (1942)/American Empire (1942).mp4
533,480,640,1,203,260,102,159,3249,0.0106,51786,/home/amos/server/media/movies/American Empire (1942)/American Empire (1942).mp4
534,480,640,0,207,255,91,138,2256,0.0073,51923,/home/amos/server/media/movies/American Empire (1942)/American Empire (1942).mp4
535,480,640,0,476,524,72,119,2256,0.0073,52197,/home/amos/server/media/movies/American Empire (1942)/American Empire (1942).mp4
536,480,640,1,175,243,113,181,4624,0.0151,52197,/home/amos/server/media/movies/American Empire (1942)/American Empire (1942).mp4
537,480,640,2,279,327,125,172,2256,0.0073,52197,/home/amos/server/media/movies/American Empire (1942)/American Empire (1942).mp4
538,480,640,0,465,534,64,132,4692,0.0153,52334,/home/amos/server/media/movies/American Empire (1942)/American Empire (1942).mp4
539,480,640,1,270,317,110,158,2256,0.0073,52334,/home/amos/server/media/movies/American Empire (1942)/American Empire (1942).mp4
540,480,640,2,53,110,73,130,3249,0.0106,52334,/home/amos/server/media/movies/American Empire (1942)/American Empire (1942).mp4
541,480,640,0,439,496,79,136,3249,0.0106,52471,/home/amos/server/media/movies/American Empire (1942)/American Empire (1942).mp4
542,480,640,1,111,168,68,125,3249,0.0106,52471,/home/amos/server/media/movies/American Empire (1942)/American Empire (1942).mp4
543,480,640,2,303,351,120,167,2256,0.0073,52471,/home/amos/server/media/movies/American Empire (1942)/American Empire (1942).mp4
544,480,640,0,111,168,73,130,3249,0.0106,52608,/home/amos/server/media/movies/American Empire (1942)/American Empire (1942).mp4
545,480,640,1,295,352,125,182,3249,0.0106,52608,/home/amos/server/media/movies/American Empire (1942)/American Empire (1942).mp4
546,480,640,0,230,299,78,146,4692,0.0153,52745,/home/amos/server/media/movies/American Empire (1942)/American Empire (1942).mp4
547,480,640,0,280,449,168,338,28730,0.0935,52882,/home/amos/server/media/movies/American Empire (1942)/American Empire (1942).mp4
548,480,640,0,297,467,186,355,28730,0.0935,53019,/home/amos/server/media/movies/American Empire (1942)/American Empire (1942).mp4
549,480,640,0,314,484,186,355,28730,0.0935,53156,/home/amos/server/media/movies/American Empire (1942)/American Empire (1942).mp4
550,480,640,0,193,292,81,179,9702,0.0316,53293,/home/amos/server/media/movies/American Empire (1942)/American Empire (1942).mp4
551,480,640,1,372,471,150,249,9801,0.0319,53293,/home/amos/server/media/movies/American Empire (1942)/American Empire (1942).mp4
552,480,640,0,193,292,81,179,9702,0.0316,53430,/home/amos/server/media/movies/American Empire (1942)/American Empire (1942).mp4
553,480,640,1,382,481,150,249,9801,0.0319,53430,/home/amos/server/media/movies/American Empire (1942)/American Empire (1942).mp4
554,480,640,0,233,331,110,209,9702,0.0316,53567,/home/amos/server/media/movies/American Empire (1942)/American Empire (1942).mp4
555,480,640,1,385,467,155,237,6724,0.0219,53567,/home/amos/server/media/movies/American Empire (1942)/American Empire (1942).mp4
556,480,640,0,193,292,91,189,9702,0.0316,53704,/home/amos/server/media/movies/American Empire (1942)/American Empire (1942).mp4
557,480,640,1,382,481,150,249,9801,0.0319,53704,/home/amos/server/media/movies/American Empire (1942)/American Empire (1942).mp4
558,480,640,0,188,306,76,194,13924,0.0453,53841,/home/amos/server/media/movies/American Empire (1942)/American Empire (1942).mp4
559,480,640,1,353,451,150,249,9702,0.0316,53841,/home/amos/server/media/movies/American Empire (1942)/American Empire (1942).mp4
560,480,640,0,286,354,64,132,4624,0.0151,55348,/home/amos/server/media/movies/American Empire (1942)/American Empire (1942).mp4
561,480,640,0,188,236,105,153,2304,0.0075,55485,/home/amos/server/media/movies/American Empire (1942)/American Empire (1942).mp4
562,480,640,0,182,250,92,160,4624,0.0151,55622,/home/amos/server/media/movies/American Empire (1942)/American Empire (1942).mp4
563,480,640,0,327,395,189,257,4624,0.0151,58362,/home/amos/server/media/movies/American Empire (1942)/American Empire (1942).mp4
564,480,640,0,53,92,177,217,1560,0.0051,60691,/home/amos/server/media/movies/American Empire (1942)/American Empire (1942).mp4
565,480,640,0,289,336,43,90,2209,0.0072,60828,/home/amos/server/media/movies/American Empire (1942)/American Empire (1942).mp4
566,480,640,1,53,92,181,221,1560,0.0051,60828,/home/amos/server/media/movies/American Empire (1942)/American Empire (1942).mp4
567,480,640,0,201,240,69,109,1560,0.0051,60965,/home/amos/server/media/movies/American Empire (1942)/American Empire (1942).mp4
568,480,640,0,193,240,43,90,2209,0.0072,61376,/home/amos/server/media/movies/American Empire (1942)/American Empire (1942).mp4
569,480,640,0,428,476,81,129,2304,0.0075,61650,/home/amos/server/media/movies/American Empire (1942)/American Empire (1942).mp4
570,480,640,1,145,192,53,100,2209,0.0072,61650,/home/amos/server/media/movies/American Empire (1942)/American Empire (1942).mp4
571,480,640,2,265,304,113,153,1560,0.0051,61650,/home/amos/server/media/movies/American Empire (1942)/American Empire (1942).mp4
572,480,640,0,289,336,77,124,2209,0.0072,61787,/home/amos/server/media/movies/American Empire (1942)/American Empire (1942).mp4
573,480,640,1,233,272,113,153,1560,0.0051,61787,/home/amos/server/media/movies/American Empire (1942)/American Empire (1942).mp4
574,480,640,2,423,471,81,129,2304,0.0075,61787,/home/amos/server/media/movies/American Empire (1942)/American Empire (1942).mp4
575,480,640,0,253,292,109,149,1560,0.0051,61924,/home/amos/server/media/movies/American Empire (1942)/American Empire (1942).mp4
576,480,640,1,299,346,67,114,2209,0.0072,61924,/home/amos/server/media/movies/American Empire (1942)/American Empire (1942).mp4
577,480,640,0,457,504,81,129,2256,0.0073,62061,/home/amos/server/media/movies/American Empire (1942)/American Empire (1942).mp4
578,480,640,1,353,410,56,113,3249,0.0106,62061,/home/amos/server/media/movies/American Empire (1942)/American Empire (1942).mp4
579,480,640,2,245,284,109,149,1560,0.0051,62061,/home/amos/server/media/movies/American Empire (1942)/American Empire (1942).mp4
580,480,640,3,83,130,72,119,2209,0.0072,62061,/home/amos/server/media/movies/American Empire (1942)/American Empire (1942).mp4
581,480,640,0,100,156,45,101,3136,0.0102,62198,/home/amos/server/media/movies/American Empire (1942)/American Empire (1942).mp4
582,480,640,1,217,256,109,149,1560,0.0051,62198,/home/amos/server/media/movies/American Empire (1942)/American Empire (1942).mp4
583,480,640,0,97,136,57,97,1560,0.0051,62472,/home/amos/server/media/movies/American Empire (1942)/American Empire (1942).mp4
584,480,640,1,601,640,201,241,1560,0.0051,62472,/home/amos/server/media/movies/American Empire (1942)/American Empire (1942).mp4
585,480,640,2,269,308,169,209,1560,0.0051,62472,/home/amos/server/media/movies/American Empire (1942)/American Empire (1942).mp4
586,480,640,0,401,440,41,81,1560,0.0051,62883,/home/amos/server/media/movies/American Empire (1942)/American Empire (1942).mp4
587,480,640,0,336,393,62,119,3249,0.0106,63020,/home/amos/server/media/movies/American Empire (1942)/American Empire (1942).mp4
588,480,640,0,403,521,100,218,13924,0.0453,63157,/home/amos/server/media/movies/American Empire (1942)/American Empire (1942).mp4
589,480,640,1,104,222,208,325,13806,0.0449,63157,/home/amos/server/media/movies/American Empire (1942)/American Empire (1942).mp4
590,480,640,0,379,497,136,254,13924,0.0453,63294,/home/amos/server/media/movies/American Empire (1942)/American Empire (1942).mp4
591,480,640,1,128,246,208,325,13806,0.0449,63294,/home/amos/server/media/movies/American Empire (1942)/American Empire (1942).mp4
592,480,640,0,251,319,223,291,4624,0.0151,63431,/home/amos/server/media/movies/American Empire (1942)/American Empire (1942).mp4
593,480,640,0,367,485,112,230,13924,0.0453,63568,/home/amos/server/media/movies/American Empire (1942)/American Empire (1942).mp4
594,480,640,1,124,222,190,288,9604,0.0313,63568,/home/amos/server/media/movies/American Empire (1942)/American Empire (1942).mp4
595,480,640,0,341,398,39,96,3249,0.0106,63705,/home/amos/server/media/movies/American Empire (1942)/American Empire (1942).mp4
596,480,640,0,163,262,290,388,9702,0.0316,64253,/home/amos/server/media/movies/American Empire (1942)/American Empire (1942).mp4
597,480,640,1,297,439,170,312,20164,0.0656,64253,/home/amos/server/media/movies/American Empire (1942)/American Empire (1942).mp4
598,480,640,0,297,439,170,312,20164,0.0656,64390,/home/amos/server/media/movies/American Empire (1942)/American Empire (1942).mp4
599,480,640,0,174,231,171,228,3249,0.0106,65760,/home/amos/server/media/movies/American Empire (1942)/American Empire (1942).mp4
600,480,640,1,286,354,126,195,4692,0.0153,65760,/home/amos/server/media/movies/American Empire (1942)/American Empire (1942).mp4
601,480,640,0,133,172,53,93,1560,0.0051,66308,/home/amos/server/media/movies/American Empire (1942)/American Empire (1942).mp4
602,480,640,0,244,326,122,204,6724,0.0219,66445,/home/amos/server/media/movies/American Empire (1942)/American Empire (1942).mp4
603,480,640,1,382,481,150,249,9801,0.0319,66445,/home/amos/server/media/movies/American Empire (1942)/American Empire (1942).mp4
604,480,640,0,105,162,73,130,3249,0.0106,66719,/home/amos/server/media/movies/American Empire (1942)/American Empire (1942).mp4
605,480,640,0,161,230,71,139,4692,0.0153,66856,/home/amos/server/media/movies/American Empire (1942)/American Empire (1942).mp4
606,480,640,1,362,430,92,160,4624,0.0151,66856,/home/amos/server/media/movies/American Empire (1942)/American Empire (1942).mp4
607,480,640,0,147,216,64,132,4692,0.0153,66993,/home/amos/server/media/movies/American Empire (1942)/American Empire (1942).mp4
608,480,640,1,348,416,71,139,4624,0.0151,66993,/home/amos/server/media/movies/American Empire (1942)/American Empire (1942).mp4
609,480,640,0,343,425,72,154,6724,0.0219,67130,/home/amos/server/media/movies/American Empire (1942)/American Empire (1942).mp4
610,480,640,1,161,230,71,139,4692,0.0153,67130,/home/amos/server/media/movies/American Empire (1942)/American Empire (1942).mp4
611,480,640,0,545,584,77,117,1560,0.0051,67815,/home/amos/server/media/movies/American Empire (1942)/American Empire (1942).mp4
612,480,640,0,203,250,105,153,2256,0.0073,67952,/home/amos/server/media/movies/American Empire (1942)/American Empire (1942).mp4
613,480,640,1,147,216,140,208,4692,0.0153,67952,/home/amos/server/media/movies/American Empire (1942)/American Empire (1942).mp4
614,480,640,0,422,479,183,240,3249,0.0106,68089,/home/amos/server/media/movies/American Empire (1942)/American Empire (1942).mp4
615,480,640,0,258,326,92,160,4624,0.0151,68226,/home/amos/server/media/movies/American Empire (1942)/American Empire (1942).mp4
616,480,640,1,405,462,148,205,3249,0.0106,68226,/home/amos/server/media/movies/American Empire (1942)/American Empire (1942).mp4
617,480,640,0,174,231,96,153,3249,0.0106,68774,/home/amos/server/media/movies/American Empire (1942)/American Empire (1942).mp4
618,480,640,0,182,250,78,146,4624,0.0151,68911,/home/amos/server/media/movies/American Empire (1942)/American Empire (1942).mp4
619,480,640,0,180,237,79,136,3249,0.0106,69048,/home/amos/server/media/movies/American Empire (1942)/American Empire (1942).mp4
620,480,640,0,177,259,80,162,6724,0.0219,69185,/home/amos/server/media/movies/American Empire (1942)/American Empire (1942).mp4
621,480,640,0,106,174,113,181,4624,0.0151,69322,/home/amos/server/media/movies/American Empire (1942)/American Empire (1942).mp4
622,480,640,0,467,514,273,321,2256,0.0073,69459,/home/amos/server/media/movies/American Empire (1942)/American Empire (1942).mp4
623,480,640,0,134,191,79,136,3249,0.0106,69596,/home/amos/server/media/movies/American Empire (1942)/American Empire (1942).mp4
624,480,640,0,428,485,281,338,3249,0.0106,69870,/home/amos/server/media/movies/American Empire (1942)/American Empire (1942).mp4
625,480,640,0,285,324,185,225,1560,0.0051,70418,/home/amos/server/media/movies/American Empire (1942)/American Empire (1942).mp4
626,480,640,0,285,324,181,221,1560,0.0051,70555,/home/amos/server/media/movies/American Empire (1942)/American Empire (1942).mp4
627,480,640,0,111,193,80,162,6724,0.0219,70692,/home/amos/server/media/movies/American Empire (1942)/American Empire (1942).mp4
628,480,640,0,113,181,85,153,4624,0.0151,70829,/home/amos/server/media/movies/American Empire (1942)/American Empire (1942).mp4
629,480,640,0,113,181,85,153,4624,0.0151,70966,/home/amos/server/media/movies/American Empire (1942)/American Empire (1942).mp4
630,480,640,0,103,185,72,154,6724,0.0219,71103,/home/amos/server/media/movies/American Empire (1942)/American Empire (1942).mp4
631,480,640,0,244,312,106,174,4624,0.0151,71240,/home/amos/server/media/movies/American Empire (1942)/American Empire (1942).mp4
632,480,640,0,297,336,185,225,1560,0.0051,71377,/home/amos/server/media/movies/American Empire (1942)/American Empire (1942).mp4
633,480,640,0,434,490,183,240,3192,0.0104,71514,/home/amos/server/media/movies/American Empire (1942)/American Empire (1942).mp4
634,480,640,0,434,490,171,228,3192,0.0104,71651,/home/amos/server/media/movies/American Empire (1942)/American Empire (1942).mp4
635,480,640,0,474,531,166,222,3192,0.0104,71788,/home/amos/server/media/movies/American Empire (1942)/American Empire (1942).mp4
636,480,640,0,128,185,310,366,3192,0.0104,71925,/home/amos/server/media/movies/American Empire (1942)/American Empire (1942).mp4
637,480,640,0,146,202,79,136,3192,0.0104,72062,/home/amos/server/media/movies/American Empire (1942)/American Empire (1942).mp4
638,480,640,0,203,260,91,148,3249,0.0106,72336,/home/amos/server/media/movies/American Empire (1942)/American Empire (1942).mp4
639,480,640,0,102,149,96,143,2209,0.0072,72473,/home/amos/server/media/movies/American Empire (1942)/American Empire (1942).mp4
640,480,640,0,135,183,86,134,2304,0.0075,72610,/home/amos/server/media/movies/American Empire (1942)/American Empire (1942).mp4
641,480,640,0,209,266,73,130,3249,0.0106,72747,/home/amos/server/media/movies/American Empire (1942)/American Empire (1942).mp4
642,480,640,0,232,289,62,119,3249,0.0106,72884,/home/amos/server/media/movies/American Empire (1942)/American Empire (1942).mp4
643,480,640,1,382,439,68,125,3249,0.0106,72884,/home/amos/server/media/movies/American Empire (1942)/American Empire (1942).mp4
644,480,640,0,232,289,73,130,3249,0.0106,73021,/home/amos/server/media/movies/American Empire (1942)/American Empire (1942).mp4
645,480,640,1,393,450,68,125,3249,0.0106,73021,/home/amos/server/media/movies/American Empire (1942)/American Empire (1942).mp4
646,480,640,0,347,394,105,153,2256,0.0073,73158,/home/amos/server/media/movies/American Empire (1942)/American Empire (1942).mp4
647,480,640,0,229,268,233,273,1560,0.0051,73295,/home/amos/server/media/movies/American Empire (1942)/American Empire (1942).mp4
648,480,640,1,369,437,71,139,4624,0.0151,73295,/home/amos/server/media/movies/American Empire (1942)/American Empire (1942).mp4
649,480,640,0,452,500,101,148,2256,0.0073,73432,/home/amos/server/media/movies/American Empire (1942)/American Empire (1942).mp4
650,480,640,0,443,490,77,124,2209,0.0072,73706,/home/amos/server/media/movies/American Empire (1942)/American Empire (1942).mp4
651,480,640,0,174,221,221,268,2209,0.0072,73843,/home/amos/server/media/movies/American Empire (1942)/American Empire (1942).mp4
652,480,640,1,438,485,91,138,2209,0.0072,73843,/home/amos/server/media/movies/American Empire (1942)/American Empire (1942).mp4
653,480,640,0,150,197,225,273,2256,0.0073,74117,/home/amos/server/media/movies/American Empire (1942)/American Empire (1942).mp4
654,480,640,1,467,514,72,119,2209,0.0072,74117,/home/amos/server/media/movies/American Empire (1942)/American Empire (1942).mp4
655,480,640,0,145,192,235,282,2209,0.0072,74254,/home/amos/server/media/movies/American Empire (1942)/American Empire (1942).mp4
656,480,640,1,399,456,50,107,3249,0.0106,74254,/home/amos/server/media/movies/American Empire (1942)/American Empire (1942).mp4
657,480,640,0,140,197,108,165,3249,0.0106,74391,/home/amos/server/media/movies/American Empire (1942)/American Empire (1942).mp4
658,480,640,0,123,179,108,165,3192,0.0104,74528,/home/amos/server/media/movies/American Empire (1942)/American Empire (1942).mp4
659,480,640,0,123,179,108,165,3192,0.0104,74665,/home/amos/server/media/movies/American Empire (1942)/American Empire (1942).mp4
660,480,640,0,92,160,99,167,4624,0.0151,74802,/home/amos/server/media/movies/American Empire (1942)/American Empire (1942).mp4
661,480,640,1,417,485,78,146,4624,0.0151,74802,/home/amos/server/media/movies/American Empire (1942)/American Empire (1942).mp4
662,480,640,0,154,223,216,284,4692,0.0153,75213,/home/amos/server/media/movies/American Empire (1942)/American Empire (1942).mp4
663,480,640,1,485,542,68,125,3249,0.0106,75213,/home/amos/server/media/movies/American Empire (1942)/American Empire (1942).mp4
664,480,640,0,434,490,79,136,3192,0.0104,75350,/home/amos/server/media/movies/American Empire (1942)/American Empire (1942).mp4
665,480,640,1,134,191,212,268,3192,0.0104,75350,/home/amos/server/media/movies/American Empire (1942)/American Empire (1942).mp4
666,480,640,0,151,208,223,280,3249,0.0106,75487,/home/amos/server/media/movies/American Empire (1942)/American Empire (1942).mp4
667,480,640,1,583,640,68,125,3249,0.0106,75487,/home/amos/server/media/movies/American Empire (1942)/American Empire (1942).mp4
668,480,640,0,293,332,93,133,1560,0.0051,76035,/home/amos/server/media/movies/American Empire (1942)/American Empire (1942).mp4
669,480,640,1,164,212,86,134,2304,0.0075,76035,/home/amos/server/media/movies/American Empire (1942)/American Empire (1942).mp4
670,480,640,2,313,352,177,217,1560,0.0051,76035,/home/amos/server/media/movies/American Empire (1942)/American Empire (1942).mp4
671,480,640,0,159,207,86,134,2304,0.0075,76172,/home/amos/server/media/movies/American Empire (1942)/American Empire (1942).mp4
672,480,640,0,155,202,91,138,2209,0.0072,76309,/home/amos/server/media/movies/American Empire (1942)/American Empire (1942).mp4
673,480,640,0,307,425,124,242,13924,0.0453,76446,/home/amos/server/media/movies/American Empire (1942)/American Empire (1942).mp4
674,480,640,0,259,377,208,325,13806,0.0449,76583,/home/amos/server/media/movies/American Empire (1942)/American Empire (1942).mp4
675,480,640,0,235,353,136,254,13924,0.0453,76720,/home/amos/server/media/movies/American Empire (1942)/American Empire (1942).mp4
676,480,640,0,307,425,124,242,13924,0.0453,76857,/home/amos/server/media/movies/American Empire (1942)/American Empire (1942).mp4
677,480,640,0,307,425,124,242,13924,0.0453,76994,/home/amos/server/media/movies/American Empire (1942)/American Empire (1942).mp4
678,480,640,0,97,144,86,134,2256,0.0073,77131,/home/amos/server/media/movies/American Empire (1942)/American Empire (1942).mp4
679,480,640,1,261,300,109,149,1560,0.0051,77131,/home/amos/server/media/movies/American Empire (1942)/American Empire (1942).mp4
680,480,640,0,405,462,68,125,3249,0.0106,77268,/home/amos/server/media/movies/American Empire (1942)/American Empire (1942).mp4
681,480,640,1,289,336,115,162,2209,0.0072,77268,/home/amos/server/media/movies/American Empire (1942)/American Empire (1942).mp4
682,480,640,2,186,243,91,148,3249,0.0106,77268,/home/amos/server/media/movies/American Empire (1942)/American Empire (1942).mp4
683,480,640,0,416,473,68,125,3249,0.0106,77405,/home/amos/server/media/movies/American Empire (1942)/American Empire (1942).mp4
684,480,640,1,299,346,105,153,2256,0.0073,77405,/home/amos/server/media/movies/American Empire (1942)/American Empire (1942).mp4
685,480,640,0,232,289,102,159,3249,0.0106,77542,/home/amos/server/media/movies/American Empire (1942)/American Empire (1942).mp4
686,480,640,1,376,433,73,130,3249,0.0106,77542,/home/amos/server/media/movies/American Empire (1942)/American Empire (1942).mp4
687,480,640,0,385,467,80,162,6724,0.0219,77679,/home/amos/server/media/movies/American Empire (1942)/American Empire (1942).mp4
688,480,640,1,103,185,138,220,6724,0.0219,77679,/home/amos/server/media/movies/American Empire (1942)/American Empire (1942).mp4
689,480,640,0,103,185,147,229,6724,0.0219,77816,/home/amos/server/media/movies/American Empire (1942)/American Empire (1942).mp4
690,480,640,1,372,471,71,169,9702,0.0316,77816,/home/amos/server/media/movies/American Empire (1942)/American Empire (1942).mp4
691,480,640,0,198,245,225,273,2256,0.0073,77953,/home/amos/server/media/movies/American Empire (1942)/American Empire (1942).mp4
692,480,640,1,128,185,108,165,3249,0.0106,77953,/home/amos/server/media/movies/American Empire (1942)/American Empire (1942).mp4
693,480,640,0,151,208,91,148,3249,0.0106,78090,/home/amos/server/media/movies/American Empire (1942)/American Empire (1942).mp4
694,480,640,1,265,312,211,258,2209,0.0072,78090,/home/amos/server/media/movies/American Empire (1942)/American Empire (1942).mp4
695,480,640,0,203,250,120,167,2209,0.0072,78227,/home/amos/server/media/movies/American Empire (1942)/American Empire (1942).mp4
696,480,640,1,275,322,197,244,2209,0.0072,78227,/home/amos/server/media/movies/American Empire (1942)/American Empire (1942).mp4
697,480,640,0,128,210,89,171,6724,0.0219,78364,/home/amos/server/media/movies/American Empire (1942)/American Empire (1942).mp4
698,480,640,1,286,354,272,340,4624,0.0151,78364,/home/amos/server/media/movies/American Empire (1942)/American Empire (1942).mp4
699,480,640,2,363,461,180,278,9604,0.0313,78364,/home/amos/server/media/movies/American Empire (1942)/American Empire (1942).mp4
700,480,640,0,128,210,89,171,6724,0.0219,78501,/home/amos/server/media/movies/American Empire (1942)/American Empire (1942).mp4
701,480,640,1,269,351,255,336,6642,0.0216,78501,/home/amos/server/media/movies/American Empire (1942)/American Empire (1942).mp4
702,480,640,2,363,461,190,288,9604,0.0313,78501,/home/amos/server/media/movies/American Empire (1942)/American Empire (1942).mp4
703,480,640,0,103,185,105,187,6724,0.0219,78638,/home/amos/server/media/movies/American Empire (1942)/American Empire (1942).mp4
704,480,640,1,363,461,190,288,9604,0.0313,78638,/home/amos/server/media/movies/American Empire (1942)/American Empire (1942).mp4
705,480,640,2,279,347,265,333,4624,0.0151,78638,/home/amos/server/media/movies/American Empire (1942)/American Empire (1942).mp4
706,480,640,0,393,432,121,161,1560,0.0051,79597,/home/amos/server/media/movies/American Empire (1942)/American Empire (1942).mp4
707,480,640,0,229,268,121,161,1560,0.0051,80419,/home/amos/server/media/movies/American Empire (1942)/American Empire (1942).mp4
708,480,640,0,217,256,125,165,1560,0.0051,80556,/home/amos/server/media/movies/American Empire (1942)/American Empire (1942).mp4
709,480,640,1,99,167,64,132,4624,0.0151,80556,/home/amos/server/media/movies/American Empire (1942)/American Empire (1942).mp4
710,480,640,2,281,320,109,149,1560,0.0051,80556,/home/amos/server/media/movies/American Empire (1942)/American Empire (1942).mp4
711,480,640,3,457,514,96,153,3249,0.0106,80556,/home/amos/server/media/movies/American Empire (1942)/American Empire (1942).mp4
712,480,640,0,281,320,109,149,1560,0.0051,80693,/home/amos/server/media/movies/American Empire (1942)/American Empire (1942).mp4
713,480,640,1,221,260,121,161,1560,0.0051,80693,/home/amos/server/media/movies/American Empire (1942)/American Empire (1942).mp4
714,480,640,2,145,192,101,148,2209,0.0072,80693,/home/amos/server/media/movies/American Empire (1942)/American Empire (1942).mp4
715,480,640,3,111,168,73,130,3249,0.0106,80693,/home/amos/server/media/movies/American Empire (1942)/American Empire (1942).mp4
716,480,640,4,457,514,96,153,3249,0.0106,80693,/home/amos/server/media/movies/American Empire (1942)/American Empire (1942).mp4
717,480,640,5,341,398,85,142,3249,0.0106,80693,/home/amos/server/media/movies/American Empire (1942)/American Empire (1942).mp4
718,480,640,0,249,306,125,182,3249,0.0106,80830,/home/amos/server/media/movies/American Empire (1942)/American Empire (1942).mp4
719,480,640,1,388,444,137,194,3192,0.0104,80830,/home/amos/server/media/movies/American Empire (1942)/American Empire (1942).mp4
720,480,640,2,169,251,97,179,6724,0.0219,80830,/home/amos/server/media/movies/American Empire (1942)/American Empire (1942).mp4
721,480,640,3,434,516,114,195,6642,0.0216,80830,/home/amos/server/media/movies/American Empire (1942)/American Empire (1942).mp4
722,480,640,4,161,243,304,386,6724,0.0219,80830,/home/amos/server/media/movies/American Empire (1942)/American Empire (1942).mp4
723,480,640,0,244,312,119,188,4692,0.0153,80967,/home/amos/server/media/movies/American Empire (1942)/American Empire (1942).mp4
724,480,640,1,175,243,106,174,4624,0.0151,80967,/home/amos/server/media/movies/American Empire (1942)/American Empire (1942).mp4
725,480,640,2,424,492,119,188,4692,0.0153,80967,/home/amos/server/media/movies/American Empire (1942)/American Empire (1942).mp4
726,480,640,0,272,340,126,195,4692,0.0153,81104,/home/amos/server/media/movies/American Empire (1942)/American Empire (1942).mp4
727,480,640,1,189,257,106,174,4624,0.0151,81104,/home/amos/server/media/movies/American Empire (1942)/American Empire (1942).mp4
728,480,640,2,445,513,140,208,4624,0.0151,81104,/home/amos/server/media/movies/American Empire (1942)/American Empire (1942).mp4
729,480,640,3,224,292,306,374,4624,0.0151,81104,/home/amos/server/media/movies/American Empire (1942)/American Empire (1942).mp4
730,480,640,4,107,154,134,182,2256,0.0073,81104,/home/amos/server/media/movies/American Empire (1942)/American Empire (1942).mp4
731,480,640,0,161,243,97,179,6724,0.0219,81241,/home/amos/server/media/movies/American Empire (1942)/American Empire (1942).mp4
732,480,640,1,272,329,160,217,3249,0.0106,81241,/home/amos/server/media/movies/American Empire (1942)/American Empire (1942).mp4
733,480,640,0,251,319,113,181,4624,0.0151,81378,/home/amos/server/media/movies/American Empire (1942)/American Empire (1942).mp4
734,480,640,1,168,236,92,160,4624,0.0151,81378,/home/amos/server/media/movies/American Empire (1942)/American Empire (1942).mp4
735,480,640,2,472,570,110,209,9702,0.0316,81378,/home/amos/server/media/movies/American Empire (1942)/American Empire (1942).mp4
736,480,640,3,362,430,126,195,4692,0.0153,81378,/home/amos/server/media/movies/American Empire (1942)/American Empire (1942).mp4
737,480,640,0,309,348,109,149,1560,0.0051,81515,/home/amos/server/media/movies/American Empire (1942)/American Empire (1942).mp4
738,480,640,1,201,240,121,161,1560,0.0051,81515,/home/amos/server/media/movies/American Empire (1942)/American Empire (1942).mp4
739,480,640,2,105,162,73,130,3249,0.0106,81515,/home/amos/server/media/movies/American Empire (1942)/American Empire (1942).mp4
740,480,640,0,309,348,109,149,1560,0.0051,81652,/home/amos/server/media/movies/American Empire (1942)/American Empire (1942).mp4
741,480,640,1,457,514,96,153,3249,0.0106,81652,/home/amos/server/media/movies/American Empire (1942)/American Empire (1942).mp4
742,480,640,2,201,240,125,165,1560,0.0051,81652,/home/amos/server/media/movies/American Empire (1942)/American Empire (1942).mp4
743,480,640,3,236,284,115,162,2256,0.0073,81652,/home/amos/server/media/movies/American Empire (1942)/American Empire (1942).mp4
744,480,640,4,123,179,96,153,3192,0.0104,81652,/home/amos/server/media/movies/American Empire (1942)/American Empire (1942).mp4
745,480,640,0,459,541,80,162,6724,0.0219,82063,/home/amos/server/media/movies/American Empire (1942)/American Empire (1942).mp4
746,480,640,1,78,160,114,195,6642,0.0216,82063,/home/amos/server/media/movies/American Empire (1942)/American Empire (1942).mp4
747,480,640,0,64,162,101,199,9604,0.0313,82200,/home/amos/server/media/movies/American Empire (1942)/American Empire (1942).mp4
748,480,640,1,472,570,81,179,9604,0.0313,82200,/home/amos/server/media/movies/American Empire (1942)/American Empire (1942).mp4
749,480,640,0,161,243,230,312,6724,0.0219,82337,/home/amos/server/media/movies/American Empire (1942)/American Empire (1942).mp4
750,480,640,1,443,525,105,187,6724,0.0219,82337,/home/amos/server/media/movies/American Empire (1942)/American Empire (1942).mp4
751,480,640,0,154,252,230,328,9604,0.0313,82474,/home/amos/server/media/movies/American Empire (1942)/American Empire (1942).mp4
752,480,640,1,482,580,101,199,9604,0.0313,82474,/home/amos/server/media/movies/American Empire (1942)/American Empire (1942).mp4
753,480,640,0,103,185,105,187,6724,0.0219,82611,/home/amos/server/media/movies/American Empire (1942)/American Empire (1942).mp4
754,480,640,1,462,560,81,179,9604,0.0313,82611,/home/amos/server/media/movies/American Empire (1942)/American Empire (1942).mp4
755,480,640,0,459,541,72,154,6724,0.0219,82748,/home/amos/server/media/movies/American Empire (1942)/American Empire (1942).mp4
756,480,640,1,86,168,114,195,6642,0.0216,82748,/home/amos/server/media/movies/American Empire (1942)/American Empire (1942).mp4
757,480,640,0,459,541,97,179,6724,0.0219,82885,/home/amos/server/media/movies/American Empire (1942)/American Empire (1942).mp4
758,480,640,1,144,242,210,308,9604,0.0313,82885,/home/amos/server/media/movies/American Empire (1942)/American Empire (1942).mp4
759,480,640,0,401,483,97,179,6724,0.0219,83022,/home/amos/server/media/movies/American Empire (1942)/American Empire (1942).mp4
760,480,640,0,360,442,89,171,6724,0.0219,83296,/home/amos/server/media/movies/American Empire (1942)/American Empire (1942).mp4
761,480,640,1,163,262,101,199,9702,0.0316,83296,/home/amos/server/media/movies/American Empire (1942)/American Empire (1942).mp4
762,480,640,0,154,252,110,209,9702,0.0316,83707,/home/amos/server/media/movies/American Empire (1942)/American Empire (1942).mp4
763,480,640,1,392,491,110,209,9801,0.0319,83707,/home/amos/server/media/movies/American Empire (1942)/American Empire (1942).mp4
764,480,640,0,363,461,101,199,9604,0.0313,83844,/home/amos/server/media/movies/American Empire (1942)/American Empire (1942).mp4
765,480,640,1,163,262,120,219,9801,0.0319,83844,/home/amos/server/media/movies/American Empire (1942)/American Empire (1942).mp4
766,480,640,2,542,624,147,229,6724,0.0219,83844,/home/amos/server/media/movies/American Empire (1942)/American Empire (1942).mp4
767,480,640,0,293,375,80,162,6724,0.0219,83981,/home/amos/server/media/movies/American Empire (1942)/American Empire (1942).mp4
768,480,640,1,370,427,108,165,3249,0.0106,83981,/home/amos/server/media/movies/American Empire (1942)/American Empire (1942).mp4
769,480,640,2,78,160,89,171,6724,0.0219,83981,/home/amos/server/media/movies/American Empire (1942)/American Empire (1942).mp4
770,480,640,3,521,589,113,181,4624,0.0151,83981,/home/amos/server/media/movies/American Empire (1942)/American Empire (1942).mp4
771,480,640,0,94,176,97,179,6724,0.0219,84118,/home/amos/server/media/movies/American Empire (1942)/American Empire (1942).mp4
772,480,640,1,327,409,80,162,6724,0.0219,84118,/home/amos/server/media/movies/American Empire (1942)/American Empire (1942).mp4
773,480,640,0,99,167,106,174,4624,0.0151,84255,/home/amos/server/media/movies/American Empire (1942)/American Empire (1942).mp4
774,480,640,1,335,417,80,162,6724,0.0219,84255,/home/amos/server/media/movies/American Empire (1942)/American Empire (1942).mp4
775,480,640,2,501,583,105,187,6724,0.0219,84255,/home/amos/server/media/movies/American Empire (1942)/American Empire (1942).mp4
776,480,640,0,78,147,99,167,4692,0.0153,84392,/home/amos/server/media/movies/American Empire (1942)/American Empire (1942).mp4
777,480,640,1,364,421,102,159,3249,0.0106,84392,/home/amos/server/media/movies/American Empire (1942)/American Empire (1942).mp4
778,480,640,2,567,640,89,171,5986,0.0195,84392,/home/amos/server/media/movies/American Empire (1942)/American Empire (1942).mp4
779,480,640,0,78,160,80,162,6724,0.0219,84529,/home/amos/server/media/movies/American Empire (1942)/American Empire (1942).mp4
780,480,640,1,320,389,106,174,4692,0.0153,84529,/home/amos/server/media/movies/American Empire (1942)/American Empire (1942).mp4
781,480,640,2,426,508,114,195,6642,0.0216,84529,/home/amos/server/media/movies/American Empire (1942)/American Empire (1942).mp4
782,480,640,3,164,212,182,230,2304,0.0075,84529,/home/amos/server/media/movies/American Empire (1942)/American Empire (1942).mp4
783,480,640,0,196,264,126,195,4692,0.0153,84666,/home/amos/server/media/movies/American Empire (1942)/American Empire (1942).mp4
784,480,640,0,9,77,126,195,4692,0.0153,84803,/home/amos/server/media/movies/American Empire (1942)/American Empire (1942).mp4
785,480,640,0,230,299,92,160,4692,0.0153,84940,/home/amos/server/media/movies/American Empire (1942)/American Empire (1942).mp4
786,480,640,1,389,458,113,181,4692,0.0153,84940,/home/amos/server/media/movies/American Empire (1942)/American Empire (1942).mp4
787,480,640,0,365,404,101,141,1560,0.0051,85214,/home/amos/server/media/movies/American Empire (1942)/American Empire (1942).mp4
788,480,640,0,177,216,89,129,1560,0.0051,85351,/home/amos/server/media/movies/American Empire (1942)/American Empire (1942).mp4
789,480,640,1,545,584,117,157,1560,0.0051,85351,/home/amos/server/media/movies/American Empire (1942)/American Empire (1942).mp4
790,480,640,2,361,400,93,133,1560,0.0051,85351,/home/amos/server/media/movies/American Empire (1942)/American Empire (1942).mp4
791,480,640,0,163,220,79,136,3249,0.0106,85488,/home/amos/server/media/movies/American Empire (1942)/American Empire (1942).mp4
792,480,640,1,548,596,144,191,2256,0.0073,85488,/home/amos/server/media/movies/American Empire (1942)/American Empire (1942).mp4
793,480,640,2,327,375,91,138,2256,0.0073,85488,/home/amos/server/media/movies/American Empire (1942)/American Empire (1942).mp4
794,480,640,0,364,421,119,176,3249,0.0106,85625,/home/amos/server/media/movies/American Empire (1942)/American Empire (1942).mp4
795,480,640,1,480,537,281,338,3249,0.0106,85625,/home/amos/server/media/movies/American Empire (1942)/American Empire (1942).mp4
796,480,640,0,313,360,81,129,2256,0.0073,85762,/home/amos/server/media/movies/American Empire (1942)/American Empire (1942).mp4
797,480,640,0,308,356,91,138,2256,0.0073,85899,/home/amos/server/media/movies/American Empire (1942)/American Empire (1942).mp4
798,480,640,1,451,508,252,309,3249,0.0106,85899,/home/amos/server/media/movies/American Empire (1942)/American Empire (1942).mp4
799,480,640,0,359,416,85,142,3249,0.0106,86036,/home/amos/server/media/movies/American Empire (1942)/American Empire (1942).mp4
800,480,640,1,399,456,235,292,3249,0.0106,86036,/home/amos/server/media/movies/American Empire (1942)/American Empire (1942).mp4
801,480,640,2,209,266,73,130,3249,0.0106,86036,/home/amos/server/media/movies/American Empire (1942)/American Empire (1942).mp4
802,480,640,0,401,440,189,229,1560,0.0051,86173,/home/amos/server/media/movies/American Empire (1942)/American Empire (1942).mp4
803,480,640,1,361,400,85,125,1560,0.0051,86173,/home/amos/server/media/movies/American Empire (1942)/American Empire (1942).mp4
804,480,640,0,509,548,81,121,1560,0.0051,87269,/home/amos/server/media/movies/American Empire (1942)/American Empire (1942).mp4
805,480,640,0,197,254,131,188,3249,0.0106,87406,/home/amos/server/media/movies/American Empire (1942)/American Empire (1942).mp4
806,480,640,0,560,617,102,159,3249,0.0106,87543,/home/amos/server/media/movies/American Empire (1942)/American Empire (1942).mp4
807,480,640,0,279,327,77,124,2256,0.0073,87680,/home/amos/server/media/movies/American Empire (1942)/American Empire (1942).mp4
808,480,640,0,431,499,50,119,4692,0.0153,88091,/home/amos/server/media/movies/American Empire (1942)/American Empire (1942).mp4
809,480,640,1,305,344,193,233,1560,0.0051,88091,/home/amos/server/media/movies/American Empire (1942)/American Empire (1942).mp4
810,480,640,2,175,243,202,271,4692,0.0153,88091,/home/amos/server/media/movies/American Empire (1942)/American Empire (1942).mp4
811,480,640,3,57,96,157,197,1560,0.0051,88091,/home/amos/server/media/movies/American Empire (1942)/American Empire (1942).mp4
812,480,640,0,168,236,195,264,4692,0.0153,88228,/home/amos/server/media/movies/American Empire (1942)/American Empire (1942).mp4
813,480,640,1,428,485,56,113,3249,0.0106,88228,/home/amos/server/media/movies/American Empire (1942)/American Empire (1942).mp4
814,480,640,2,333,372,185,225,1560,0.0051,88228,/home/amos/server/media/movies/American Empire (1942)/American Empire (1942).mp4
815,480,640,3,57,96,165,205,1560,0.0051,88228,/home/amos/server/media/movies/American Empire (1942)/American Empire (1942).mp4
816,480,640,0,313,352,185,225,1560,0.0051,88365,/home/amos/server/media/movies/American Empire (1942)/American Empire (1942).mp4
817,480,640,1,147,216,195,264,4761,0.0155,88365,/home/amos/server/media/movies/American Empire (1942)/American Empire (1942).mp4
818,480,640,2,434,490,56,113,3192,0.0104,88365,/home/amos/server/media/movies/American Empire (1942)/American Empire (1942).mp4
819,480,640,3,57,96,157,197,1560,0.0051,88365,/home/amos/server/media/movies/American Empire (1942)/American Empire (1942).mp4
820,480,640,0,232,289,39,96,3249,0.0106,89598,/home/amos/server/media/movies/American Empire (1942)/American Empire (1942).mp4
821,480,640,0,343,425,72,154,6724,0.0219,90283,/home/amos/server/media/movies/American Empire (1942)/American Empire (1942).mp4
822,480,640,0,116,164,48,95,2256,0.0073,90557,/home/amos/server/media/movies/American Empire (1942)/American Empire (1942).mp4
823,480,640,1,260,308,96,143,2256,0.0073,90557,/home/amos/server/media/movies/American Empire (1942)/American Empire (1942).mp4
824,480,640,2,411,467,73,130,3192,0.0104,90557,/home/amos/server/media/movies/American Empire (1942)/American Empire (1942).mp4
825,480,640,0,211,353,113,255,20164,0.0656,90694,/home/amos/server/media/movies/American Empire (1942)/American Empire (1942).mp4
826,480,640,0,228,398,117,287,28900,0.0941,90831,/home/amos/server/media/movies/American Empire (1942)/American Empire (1942).mp4
827,480,640,0,194,363,100,269,28561,0.093,90968,/home/amos/server/media/movies/American Empire (1942)/American Empire (1942).mp4
828,480,640,0,211,381,151,321,28900,0.0941,91105,/home/amos/server/media/movies/American Empire (1942)/American Empire (1942).mp4
829,480,640,0,211,381,100,269,28730,0.0935,91242,/home/amos/server/media/movies/American Empire (1942)/American Empire (1942).mp4
830,480,640,0,194,363,100,269,28561,0.093,91379,/home/amos/server/media/movies/American Empire (1942)/American Empire (1942).mp4
831,480,640,0,245,415,117,287,28900,0.0941,91516,/home/amos/server/media/movies/American Empire (1942)/American Empire (1942).mp4
832,480,640,0,176,346,117,287,28900,0.0941,91653,/home/amos/server/media/movies/American Empire (1942)/American Empire (1942).mp4
833,480,640,0,211,381,100,269,28730,0.0935,91790,/home/amos/server/media/movies/American Empire (1942)/American Empire (1942).mp4
834,480,640,0,211,381,82,252,28900,0.0941,91927,/home/amos/server/media/movies/American Empire (1942)/American Empire (1942).mp4
835,480,640,0,452,520,64,132,4624,0.0151,92064,/home/amos/server/media/movies/American Empire (1942)/American Empire (1942).mp4
836,480,640,1,78,160,64,146,6724,0.0219,92064,/home/amos/server/media/movies/American Empire (1942)/American Empire (1942).mp4
837,480,640,0,174,231,119,176,3249,0.0106,92201,/home/amos/server/media/movies/American Empire (1942)/American Empire (1942).mp4
838,480,640,0,174,231,131,188,3249,0.0106,92338,/home/amos/server/media/movies/American Empire (1942)/American Empire (1942).mp4
839,480,640,0,418,500,130,212,6724,0.0219,92475,/home/amos/server/media/movies/American Empire (1942)/American Empire (1942).mp4
840,480,640,0,418,500,122,204,6724,0.0219,92612,/home/amos/server/media/movies/American Empire (1942)/American Empire (1942).mp4
841,480,640,0,410,492,105,187,6724,0.0219,92749,/home/amos/server/media/movies/American Empire (1942)/American Empire (1942).mp4
842,480,640,0,92,140,33,81,2304,0.0075,92886,/home/amos/server/media/movies/American Empire (1942)/American Empire (1942).mp4
843,480,640,0,73,120,33,81,2256,0.0073,93023,/home/amos/server/media/movies/American Empire (1942)/American Empire (1942).mp4
844,480,640,0,532,588,212,268,3136,0.0102,93160,/home/amos/server/media/movies/American Empire (1942)/American Empire (1942).mp4
845,480,640,1,68,116,33,81,2304,0.0075,93160,/home/amos/server/media/movies/American Empire (1942)/American Empire (1942).mp4
846,480,640,0,68,116,33,81,2304,0.0075,93297,/home/amos/server/media/movies/American Empire (1942)/American Empire (1942).mp4
847,480,640,1,526,583,206,263,3249,0.0106,93297,/home/amos/server/media/movies/American Empire (1942)/American Empire (1942).mp4
848,480,640,0,471,519,192,239,2256,0.0073,93571,/home/amos/server/media/movies/American Empire (1942)/American Empire (1942).mp4
849,480,640,1,83,130,38,86,2256,0.0073,93571,/home/amos/server/media/movies/American Empire (1942)/American Empire (1942).mp4
850,480,640,0,269,410,84,226,20022,0.0652,93708,/home/amos/server/media/movies/American Empire (1942)/American Empire (1942).mp4
851,480,640,0,269,410,84,226,20022,0.0652,93845,/home/amos/server/media/movies/American Empire (1942)/American Empire (1942).mp4
852,480,640,0,240,381,84,226,20022,0.0652,93982,/home/amos/server/media/movies/American Empire (1942)/American Empire (1942).mp4
853,480,640,0,240,381,84,226,20022,0.0652,94119,/home/amos/server/media/movies/American Empire (1942)/American Empire (1942).mp4
854,480,640,0,226,367,84,226,20022,0.0652,94256,/home/amos/server/media/movies/American Empire (1942)/American Empire (1942).mp4
855,480,640,0,327,395,78,146,4624,0.0151,94393,/home/amos/server/media/movies/American Empire (1942)/American Empire (1942).mp4
856,480,640,0,240,381,84,226,20022,0.0652,94667,/home/amos/server/media/movies/American Empire (1942)/American Empire (1942).mp4
857,480,640,0,462,509,197,244,2209,0.0072,94804,/home/amos/server/media/movies/American Empire (1942)/American Empire (1942).mp4
858,480,640,1,134,191,56,113,3249,0.0106,94804,/home/amos/server/media/movies/American Empire (1942)/American Empire (1942).mp4
859,480,640,0,202,284,56,137,6642,0.0216,94941,/home/amos/server/media/movies/American Empire (1942)/American Empire (1942).mp4
860,480,640,0,422,479,50,107,3249,0.0106,95078,/home/amos/server/media/movies/American Empire (1942)/American Empire (1942).mp4
861,480,640,1,128,185,68,125,3249,0.0106,95078,/home/amos/server/media/movies/American Empire (1942)/American Empire (1942).mp4
862,480,640,0,123,179,114,171,3192,0.0104,95215,/home/amos/server/media/movies/American Empire (1942)/American Empire (1942).mp4
863,480,640,0,147,216,106,174,4692,0.0153,95352,/home/amos/server/media/movies/American Empire (1942)/American Empire (1942).mp4
864,480,640,1,376,444,50,119,4692,0.0153,95352,/home/amos/server/media/movies/American Empire (1942)/American Empire (1942).mp4
865,480,640,0,240,381,113,255,20022,0.0652,95489,/home/amos/server/media/movies/American Empire (1942)/American Empire (1942).mp4
866,480,640,0,240,381,113,255,20022,0.0652,95626,/home/amos/server/media/movies/American Empire (1942)/American Empire (1942).mp4
867,480,640,0,240,381,113,255,20022,0.0652,95763,/home/amos/server/media/movies/American Empire (1942)/American Empire (1942).mp4
868,480,640,0,240,381,84,226,20022,0.0652,95900,/home/amos/server/media/movies/American Empire (1942)/American Empire (1942).mp4
869,480,640,0,240,381,113,255,20022,0.0652,96037,/home/amos/server/media/movies/American Empire (1942)/American Empire (1942).mp4
870,480,640,0,240,381,113,255,20022,0.0652,96174,/home/amos/server/media/movies/American Empire (1942)/American Empire (1942).mp4
871,480,640,0,105,162,85,142,3249,0.0106,96311,/home/amos/server/media/movies/American Empire (1942)/American Empire (1942).mp4
872,480,640,1,393,475,39,121,6724,0.0219,96311,/home/amos/server/media/movies/American Empire (1942)/American Empire (1942).mp4
873,480,640,0,417,485,37,105,4624,0.0151,96448,/home/amos/server/media/movies/American Empire (1942)/American Empire (1942).mp4
874,480,640,0,385,467,39,121,6724,0.0219,96585,/home/amos/server/media/movies/American Empire (1942)/American Empire (1942).mp4
875,480,640,0,341,380,45,85,1560,0.0051,96996,/home/amos/server/media/movies/American Empire (1942)/American Empire (1942).mp4
876,480,640,1,209,266,79,136,3249,0.0106,96996,/home/amos/server/media/movies/American Empire (1942)/American Empire (1942).mp4
877,480,640,2,414,461,192,239,2209,0.0072,96996,/home/amos/server/media/movies/American Empire (1942)/American Empire (1942).mp4
878,480,640,0,290,346,73,130,3192,0.0104,97133,/home/amos/server/media/movies/American Empire (1942)/American Empire (1942).mp4
879,480,640,0,388,444,108,165,3192,0.0104,97270,/home/amos/server/media/movies/American Empire (1942)/American Empire (1942).mp4
880,480,640,1,278,335,79,136,3249,0.0106,97270,/home/amos/server/media/movies/American Empire (1942)/American Empire (1942).mp4
881,480,640,0,267,323,56,113,3192,0.0104,97407,/home/amos/server/media/movies/American Empire (1942)/American Empire (1942).mp4
882,480,640,1,382,439,96,153,3249,0.0106,97407,/home/amos/server/media/movies/American Empire (1942)/American Empire (1942).mp4
883,480,640,0,198,245,81,129,2256,0.0073,97681,/home/amos/server/media/movies/American Empire (1942)/American Empire (1942).mp4
884,480,640,1,369,437,106,174,4624,0.0151,97681,/home/amos/server/media/movies/American Empire (1942)/American Empire (1942).mp4
885,480,640,0,203,271,50,119,4692,0.0153,97818,/home/amos/server/media/movies/American Empire (1942)/American Empire (1942).mp4
886,480,640,1,459,527,106,174,4624,0.0151,97818,/home/amos/server/media/movies/American Empire (1942)/American Empire (1942).mp4
887,480,640,0,203,271,43,112,4692,0.0153,97955,/home/amos/server/media/movies/American Empire (1942)/American Empire (1942).mp4
888,480,640,1,465,534,99,167,4692,0.0153,97955,/home/amos/server/media/movies/American Empire (1942)/American Empire (1942).mp4
889,480,640,0,217,285,50,119,4692,0.0153,98092,/home/amos/server/media/movies/American Empire (1942)/American Empire (1942).mp4
890,480,640,1,465,534,99,167,4692,0.0153,98092,/home/amos/server/media/movies/American Empire (1942)/American Empire (1942).mp4
891,480,640,0,194,276,39,121,6724,0.0219,98229,/home/amos/server/media/movies/American Empire (1942)/American Empire (1942).mp4
892,480,640,1,465,534,99,167,4692,0.0153,98229,/home/amos/server/media/movies/American Empire (1942)/American Empire (1942).mp4
893,480,640,0,375,423,158,206,2304,0.0075,98366,/home/amos/server/media/movies/American Empire (1942)/American Empire (1942).mp4
894,480,640,1,517,599,114,195,6642,0.0216,98366,/home/amos/server/media/movies/American Empire (1942)/American Empire (1942).mp4
895,480,640,2,128,185,119,176,3249,0.0106,98366,/home/amos/server/media/movies/American Empire (1942)/American Empire (1942).mp4
896,480,640,0,395,442,134,182,2256,0.0073,98503,/home/amos/server/media/movies/American Empire (1942)/American Empire (1942).mp4
897,480,640,1,509,591,122,204,6724,0.0219,98503,/home/amos/server/media/movies/American Empire (1942)/American Empire (1942).mp4
898,480,640,0,380,428,125,172,2256,0.0073,98640,/home/amos/server/media/movies/American Empire (1942)/American Empire (1942).mp4
899,480,640,0,364,421,114,171,3249,0.0106,98777,/home/amos/server/media/movies/American Empire (1942)/American Empire (1942).mp4
900,480,640,1,120,188,113,181,4624,0.0151,98777,/home/amos/server/media/movies/American Empire (1942)/American Empire (1942).mp4
901,480,640,2,501,583,97,179,6724,0.0219,98777,/home/amos/server/media/movies/American Empire (1942)/American Empire (1942).mp4
902,480,640,0,355,473,100,218,13924,0.0453,99188,/home/amos/server/media/movies/American Empire (1942)/American Empire (1942).mp4
903,480,640,0,200,318,64,182,13924,0.0453,99325,/home/amos/server/media/movies/American Empire (1942)/American Empire (1942).mp4
904,480,640,0,410,492,80,162,6724,0.0219,99462,/home/amos/server/media/movies/American Empire (1942)/American Empire (1942).mp4
905,480,640,1,113,181,168,236,4624,0.0151,99462,/home/amos/server/media/movies/American Empire (1942)/American Empire (1942).mp4
906,480,640,0,418,500,80,162,6724,0.0219,99599,/home/amos/server/media/movies/American Empire (1942)/American Empire (1942).mp4
907,480,640,1,65,133,168,236,4624,0.0151,99599,/home/amos/server/media/movies/American Empire (1942)/American Empire (1942).mp4
908,480,640,0,403,471,78,146,4624,0.0151,99736,/home/amos/server/media/movies/American Empire (1942)/American Empire (1942).mp4
909,480,640,0,251,319,147,215,4624,0.0151,99873,/home/amos/server/media/movies/American Empire (1942)/American Empire (1942).mp4
910,480,640,0,251,319,140,208,4624,0.0151,100010,/home/amos/server/media/movies/American Empire (1942)/American Empire (1942).mp4
911,480,640,1,53,110,56,113,3249,0.0106,100010,/home/amos/server/media/movies/American Empire (1942)/American Empire (1942).mp4
912,480,640,2,368,450,163,245,6724,0.0219,100010,/home/amos/server/media/movies/American Empire (1942)/American Empire (1942).mp4
913,480,640,0,230,299,119,188,4761,0.0155,100147,/home/amos/server/media/movies/American Empire (1942)/American Empire (1942).mp4
914,480,640,1,13,52,169,209,1560,0.0051,100147,/home/amos/server/media/movies/American Empire (1942)/American Empire (1942).mp4
915,480,640,0,203,271,119,188,4692,0.0153,100284,/home/amos/server/media/movies/American Empire (1942)/American Empire (1942).mp4
916,480,640,1,21,60,169,209,1560,0.0051,100284,/home/amos/server/media/movies/American Empire (1942)/American Empire (1942).mp4
917,480,640,0,13,52,165,205,1560,0.0051,100421,/home/amos/server/media/movies/American Empire (1942)/American Empire (1942).mp4
918,480,640,1,341,409,189,257,4624,0.0151,100421,/home/amos/server/media/movies/American Empire (1942)/American Empire (1942).mp4
919,480,640,2,230,299,126,195,4761,0.0155,100421,/home/amos/server/media/movies/American Empire (1942)/American Empire (1942).mp4
920,480,640,0,424,492,168,236,4624,0.0151,100558,/home/amos/server/media/movies/American Empire (1942)/American Empire (1942).mp4
921,480,640,1,265,333,126,195,4692,0.0153,100558,/home/amos/server/media/movies/American Empire (1942)/American Empire (1942).mp4
922,480,640,2,9,48,169,209,1560,0.0051,100558,/home/amos/server/media/movies/American Empire (1942)/American Empire (1942).mp4
923,480,640,0,196,264,140,208,4624,0.0151,100695,/home/amos/server/media/movies/American Empire (1942)/American Empire (1942).mp4
924,480,640,1,9,48,177,217,1560,0.0051,100695,/home/amos/server/media/movies/American Empire (1942)/American Empire (1942).mp4
925,480,640,2,396,465,182,250,4692,0.0153,100695,/home/amos/server/media/movies/American Empire (1942)/American Empire (1942).mp4
926,480,640,0,230,299,119,188,4761,0.0155,100832,/home/amos/server/media/movies/American Empire (1942)/American Empire (1942).mp4
927,480,640,1,29,68,161,201,1560,0.0051,100832,/home/amos/server/media/movies/American Empire (1942)/American Empire (1942).mp4
928,480,640,2,389,458,175,243,4692,0.0153,100832,/home/amos/server/media/movies/American Empire (1942)/American Empire (1942).mp4
929,480,640,0,244,312,126,195,4692,0.0153,100969,/home/amos/server/media/movies/American Empire (1942)/American Empire (1942).mp4
930,480,640,1,17,56,169,209,1560,0.0051,100969,/home/amos/server/media/movies/American Empire (1942)/American Empire (1942).mp4
931,480,640,0,251,319,119,188,4692,0.0153,101106,/home/amos/server/media/movies/American Empire (1942)/American Empire (1942).mp4
932,480,640,1,13,52,161,201,1560,0.0051,101106,/home/amos/server/media/movies/American Empire (1942)/American Empire (1942).mp4
933,480,640,2,369,437,175,243,4624,0.0151,101106,/home/amos/server/media/movies/American Empire (1942)/American Empire (1942).mp4
934,480,640,0,9,48,169,209,1560,0.0051,101243,/home/amos/server/media/movies/American Empire (1942)/American Empire (1942).mp4
935,480,640,0,196,264,126,195,4692,0.0153,101380,/home/amos/server/media/movies/American Empire (1942)/American Empire (1942).mp4
936,480,640,1,327,395,92,160,4624,0.0151,101380,/home/amos/server/media/movies/American Empire (1942)/American Empire (1942).mp4
937,480,640,0,140,188,115,162,2256,0.0073,101654,/home/amos/server/media/movies/American Empire (1942)/American Empire (1942).mp4
938,480,640,1,275,322,115,162,2209,0.0072,101654,/home/amos/server/media/movies/American Empire (1942)/American Empire (1942).mp4
939,480,640,0,152,270,88,206,13924,0.0453,101791,/home/amos/server/media/movies/American Empire (1942)/American Empire (1942).mp4
940,480,640,0,223,341,100,218,13924,0.0453,101928,/home/amos/server/media/movies/American Empire (1942)/American Empire (1942).mp4
941,480,640,1,343,441,180,278,9604,0.0313,101928,/home/amos/server/media/movies/American Empire (1942)/American Empire (1942).mp4
942,480,640,0,411,467,281,338,3192,0.0104,102202,/home/amos/server/media/movies/American Empire (1942)/American Empire (1942).mp4
943,480,640,0,411,467,286,343,3192,0.0104,102339,/home/amos/server/media/movies/American Empire (1942)/American Empire (1942).mp4
944,480,640,0,451,508,252,309,3249,0.0106,102476,/home/amos/server/media/movies/American Empire (1942)/American Empire (1942).mp4
945,480,640,0,497,554,246,303,3249,0.0106,102613,/home/amos/server/media/movies/American Empire (1942)/American Empire (1942).mp4
946,480,640,1,284,332,62,110,2304,0.0075,102613,/home/amos/server/media/movies/American Empire (1942)/American Empire (1942).mp4
947,480,640,0,422,479,217,274,3249,0.0106,103024,/home/amos/server/media/movies/American Empire (1942)/American Empire (1942).mp4
948,480,640,1,409,456,48,95,2209,0.0072,103024,/home/amos/server/media/movies/American Empire (1942)/American Empire (1942).mp4
949,480,640,2,217,285,99,167,4624,0.0151,103024,/home/amos/server/media/movies/American Empire (1942)/American Empire (1942).mp4
950,480,640,0,434,490,223,280,3192,0.0104,103161,/home/amos/server/media/movies/American Empire (1942)/American Empire (1942).mp4
951,480,640,1,385,432,48,95,2209,0.0072,103161,/home/amos/server/media/movies/American Empire (1942)/American Empire (1942).mp4
952,480,640,2,226,283,114,171,3249,0.0106,103161,/home/amos/server/media/movies/American Empire (1942)/American Empire (1942).mp4
953,480,640,0,497,554,229,286,3249,0.0106,103298,/home/amos/server/media/movies/American Empire (1942)/American Empire (1942).mp4
954,480,640,1,385,432,43,90,2209,0.0072,103298,/home/amos/server/media/movies/American Empire (1942)/American Empire (1942).mp4
955,480,640,2,258,326,119,188,4692,0.0153,103298,/home/amos/server/media/movies/American Empire (1942)/American Empire (1942).mp4
956,480,640,0,232,289,108,165,3249,0.0106,103435,/home/amos/server/media/movies/American Empire (1942)/American Empire (1942).mp4
957,480,640,1,497,554,235,292,3249,0.0106,103435,/home/amos/server/media/movies/American Empire (1942)/American Empire (1942).mp4
958,480,640,2,385,432,53,100,2209,0.0072,103435,/home/amos/server/media/movies/American Empire (1942)/American Empire (1942).mp4
959,480,640,0,491,548,229,286,3249,0.0106,103572,/home/amos/server/media/movies/American Empire (1942)/American Empire (1942).mp4
960,480,640,1,385,432,48,95,2209,0.0072,103572,/home/amos/server/media/movies/American Empire (1942)/American Empire (1942).mp4
961,480,640,2,244,312,113,181,4624,0.0151,103572,/home/amos/server/media/movies/American Empire (1942)/American Empire (1942).mp4
962,480,640,0,497,554,217,274,3249,0.0106,103709,/home/amos/server/media/movies/American Empire (1942)/American Empire (1942).mp4
963,480,640,0,438,485,129,177,2256,0.0073,103983,/home/amos/server/media/movies/American Empire (1942)/American Empire (1942).mp4
964,480,640,0,367,485,124,242,13924,0.0453,105216,/home/amos/server/media/movies/American Empire (1942)/American Empire (1942).mp4
965,480,640,0,78,160,72,154,6724,0.0219,105353,/home/amos/server/media/movies/American Empire (1942)/American Empire (1942).mp4
966,480,640,0,295,413,124,242,13924,0.0453,106175,/home/amos/server/media/movies/American Empire (1942)/American Empire (1942).mp4
967,480,640,0,428,476,115,162,2256,0.0073,106312,/home/amos/server/media/movies/American Empire (1942)/American Empire (1942).mp4
968,480,640,0,196,264,64,132,4624,0.0151,106449,/home/amos/server/media/movies/American Empire (1942)/American Empire (1942).mp4
969,480,640,0,209,266,68,125,3249,0.0106,106586,/home/amos/server/media/movies/American Empire (1942)/American Empire (1942).mp4
970,480,640,0,417,485,113,181,4624,0.0151,106723,/home/amos/server/media/movies/American Empire (1942)/American Empire (1942).mp4
971,480,640,1,189,257,71,139,4624,0.0151,106723,/home/amos/server/media/movies/American Empire (1942)/American Empire (1942).mp4
972,480,640,0,428,485,114,171,3249,0.0106,106860,/home/amos/server/media/movies/American Empire (1942)/American Empire (1942).mp4
973,480,640,1,189,257,57,126,4692,0.0153,106860,/home/amos/server/media/movies/American Empire (1942)/American Empire (1942).mp4
974,480,640,0,434,490,96,153,3192,0.0104,106997,/home/amos/server/media/movies/American Empire (1942)/American Empire (1942).mp4
975,480,640,1,189,257,57,126,4692,0.0153,106997,/home/amos/server/media/movies/American Empire (1942)/American Empire (1942).mp4
976,480,640,0,192,249,102,159,3249,0.0106,107271,/home/amos/server/media/movies/American Empire (1942)/American Empire (1942).mp4
977,480,640,1,422,479,62,119,3249,0.0106,107271,/home/amos/server/media/movies/American Empire (1942)/American Empire (1942).mp4
978,480,640,0,192,249,91,148,3249,0.0106,107408,/home/amos/server/media/movies/American Empire (1942)/American Empire (1942).mp4
979,480,640,1,399,456,68,125,3249,0.0106,107408,/home/amos/server/media/movies/American Empire (1942)/American Empire (1942).mp4
980,480,640,0,174,231,125,182,3249,0.0106,107545,/home/amos/server/media/movies/American Empire (1942)/American Empire (1942).mp4
981,480,640,1,399,456,79,136,3249,0.0106,107545,/home/amos/server/media/movies/American Empire (1942)/American Empire (1942).mp4
982,480,640,0,169,251,97,179,6724,0.0219,107682,/home/amos/server/media/movies/American Empire (1942)/American Empire (1942).mp4
983,480,640,1,343,425,72,154,6724,0.0219,107682,/home/amos/server/media/movies/American Empire (1942)/American Empire (1942).mp4
984,480,640,0,269,410,70,212,20022,0.0652,108093,/home/amos/server/media/movies/American Empire (1942)/American Empire (1942).mp4
985,480,640,0,269,410,70,212,20022,0.0652,108230,/home/amos/server/media/movies/American Empire (1942)/American Empire (1942).mp4
986,480,640,0,272,329,102,159,3249,0.0106,108367,/home/amos/server/media/movies/American Empire (1942)/American Empire (1942).mp4
987,480,640,1,468,525,119,176,3249,0.0106,108367,/home/amos/server/media/movies/American Empire (1942)/American Empire (1942).mp4
988,480,640,0,279,347,195,264,4692,0.0153,108504,/home/amos/server/media/movies/American Empire (1942)/American Empire (1942).mp4
989,480,640,1,325,364,9,49,1560,0.0051,108504,/home/amos/server/media/movies/American Empire (1942)/American Empire (1942).mp4
990,480,640,0,491,548,114,171,3249,0.0106,108641,/home/amos/server/media/movies/American Empire (1942)/American Empire (1942).mp4
991,480,640,1,244,300,85,142,3192,0.0104,108641,/home/amos/server/media/movies/American Empire (1942)/American Empire (1942).mp4
992,480,640,2,94,176,97,179,6724,0.0219,108641,/home/amos/server/media/movies/American Empire (1942)/American Empire (1942).mp4
993,480,640,0,71,140,161,229,4692,0.0153,108778,/home/amos/server/media/movies/American Empire (1942)/American Empire (1942).mp4
994,480,640,1,301,358,148,205,3249,0.0106,108778,/home/amos/server/media/movies/American Empire (1942)/American Empire (1942).mp4
995,480,640,2,593,632,113,153,1560,0.0051,108778,/home/amos/server/media/movies/American Empire (1942)/American Empire (1942).mp4
996,480,640,3,285,324,101,141,1560,0.0051,108778,/home/amos/server/media/movies/American Empire (1942)/American Empire (1942).mp4
997,480,640,4,373,412,89,129,1560,0.0051,108778,/home/amos/server/media/movies/American Empire (1942)/American Empire (1942).mp4
998,480,640,0,269,351,180,262,6724,0.0219,108915,/home/amos/server/media/movies/American Empire (1942)/American Empire (1942).mp4
999,480,640,1,321,360,9,49,1560,0.0051,108915,/home/amos/server/media/movies/American Empire (1942)/American Empire (1942).mp4
1000,480,640,0,240,381,70,212,20022,0.0652,109189,/home/amos/server/media/movies/American Empire (1942)/American Empire (1942).mp4
1001,480,640,0,269,351,163,245,6724,0.0219,109326,/home/amos/server/media/movies/American Empire (1942)/American Empire (1942).mp4
1002,480,640,1,317,356,5,45,1560,0.0051,109326,/home/amos/server/media/movies/American Empire (1942)/American Empire (1942).mp4
1003,480,640,0,497,554,125,182,3249,0.0106,109463,/home/amos/server/media/movies/American Empire (1942)/American Empire (1942).mp4
1004,480,640,1,113,181,106,174,4624,0.0151,109463,/home/amos/server/media/movies/American Empire (1942)/American Empire (1942).mp4
1005,480,640,2,278,335,102,159,3249,0.0106,109463,/home/amos/server/media/movies/American Empire (1942)/American Empire (1942).mp4
1006,480,640,0,279,327,182,230,2304,0.0075,109600,/home/amos/server/media/movies/American Empire (1942)/American Empire (1942).mp4
1007,480,640,1,30,98,223,291,4624,0.0151,109600,/home/amos/server/media/movies/American Empire (1942)/American Empire (1942).mp4
1008,480,640,2,426,508,22,104,6724,0.0219,109600,/home/amos/server/media/movies/American Empire (1942)/American Empire (1942).mp4
1009,480,640,0,254,396,70,212,20164,0.0656,109737,/home/amos/server/media/movies/American Empire (1942)/American Empire (1942).mp4
1010,480,640,0,168,236,78,146,4624,0.0151,109874,/home/amos/server/media/movies/American Empire (1942)/American Empire (1942).mp4
1011,480,640,1,226,367,84,226,20022,0.0652,109874,/home/amos/server/media/movies/American Empire (1942)/American Empire (1942).mp4
1012,480,640,0,101,140,157,197,1560,0.0051,110011,/home/amos/server/media/movies/American Empire (1942)/American Empire (1942).mp4
1013,480,640,0,116,164,24,71,2256,0.0073,110148,/home/amos/server/media/movies/American Empire (1942)/American Empire (1942).mp4
1014,480,640,1,438,485,48,95,2209,0.0072,110148,/home/amos/server/media/movies/American Empire (1942)/American Empire (1942).mp4
1015,480,640,2,277,316,149,189,1560,0.0051,110148,/home/amos/server/media/movies/American Empire (1942)/American Empire (1942).mp4
1016,480,640,0,141,209,154,222,4624,0.0151,110285,/home/amos/server/media/movies/American Empire (1942)/American Empire (1942).mp4
1017,480,640,0,127,195,168,236,4624,0.0151,110422,/home/amos/server/media/movies/American Empire (1942)/American Empire (1942).mp4
1018,480,640,0,503,560,148,205,3249,0.0106,110559,/home/amos/server/media/movies/American Empire (1942)/American Empire (1942).mp4
1019,480,640,0,134,202,133,202,4692,0.0153,110696,/home/amos/server/media/movies/American Empire (1942)/American Empire (1942).mp4
1020,480,640,0,462,519,68,125,3249,0.0106,111107,/home/amos/server/media/movies/American Empire (1942)/American Empire (1942).mp4
1021,480,640,0,283,401,52,170,13924,0.0453,111244,/home/amos/server/media/movies/American Empire (1942)/American Empire (1942).mp4
1022,480,640,0,452,520,106,174,4624,0.0151,111381,/home/amos/server/media/movies/American Empire (1942)/American Empire (1942).mp4
1023,480,640,1,169,251,56,137,6642,0.0216,111381,/home/amos/server/media/movies/American Empire (1942)/American Empire (1942).mp4
1024,480,640,0,411,467,102,159,3192,0.0104,111518,/home/amos/server/media/movies/American Empire (1942)/American Empire (1942).mp4
1025,480,640,0,293,391,61,159,9604,0.0313,111655,/home/amos/server/media/movies/American Empire (1942)/American Empire (1942).mp4
1026,480,640,0,382,439,114,171,3249,0.0106,111792,/home/amos/server/media/movies/American Empire (1942)/American Empire (1942).mp4
1027,480,640,0,265,333,43,112,4692,0.0153,111929,/home/amos/server/media/movies/American Empire (1942)/American Empire (1942).mp4
1028,480,640,0,232,289,56,113,3249,0.0106,112066,/home/amos/server/media/movies/American Empire (1942)/American Empire (1942).mp4
1029,480,640,0,251,319,43,112,4692,0.0153,112203,/home/amos/server/media/movies/American Empire (1942)/American Empire (1942).mp4
1030,480,640,0,213,252,53,93,1560,0.0051,113025,/home/amos/server/media/movies/American Empire (1942)/American Empire (1942).mp4
1031,480,640,0,332,380,53,100,2256,0.0073,113162,/home/amos/server/media/movies/American Empire (1942)/American Empire (1942).mp4
1032,480,640,0,209,248,101,141,1560,0.0051,113299,/home/amos/server/media/movies/American Empire (1942)/American Empire (1942).mp4
1033,480,640,1,437,476,37,77,1560,0.0051,113299,/home/amos/server/media/movies/American Empire (1942)/American Empire (1942).mp4
1034,480,640,0,486,533,48,95,2209,0.0072,113436,/home/amos/server/media/movies/American Empire (1942)/American Empire (1942).mp4
1035,480,640,0,405,462,56,113,3249,0.0106,113573,/home/amos/server/media/movies/American Empire (1942)/American Empire (1942).mp4
1036,480,640,0,411,467,56,113,3192,0.0104,113710,/home/amos/server/media/movies/American Empire (1942)/American Empire (1942).mp4
1037,480,640,1,289,336,77,124,2209,0.0072,113710,/home/amos/server/media/movies/American Empire (1942)/American Empire (1942).mp4
1038,480,640,0,81,120,77,117,1560,0.0051,113984,/home/amos/server/media/movies/American Empire (1942)/American Empire (1942).mp4
1039,480,640,0,173,212,61,101,1560,0.0051,114121,/home/amos/server/media/movies/American Empire (1942)/American Empire (1942).mp4
1040,480,640,1,97,136,77,117,1560,0.0051,114121,/home/amos/server/media/movies/American Empire (1942)/American Empire (1942).mp4
1041,480,640,0,468,550,64,146,6724,0.0219,114258,/home/amos/server/media/movies/American Empire (1942)/American Empire (1942).mp4
1042,480,640,1,260,342,105,187,6724,0.0219,114258,/home/amos/server/media/movies/American Empire (1942)/American Empire (1942).mp4
1043,480,640,2,0,69,130,212,5658,0.0184,114258,/home/amos/server/media/movies/American Empire (1942)/American Empire (1942).mp4
1044,480,640,0,300,368,64,132,4624,0.0151,114395,/home/amos/server/media/movies/American Empire (1942)/American Empire (1942).mp4
1045,480,640,0,94,176,138,220,6724,0.0219,114532,/home/amos/server/media/movies/American Empire (1942)/American Empire (1942).mp4
1046,480,640,1,482,580,51,149,9604,0.0313,114532,/home/amos/server/media/movies/American Empire (1942)/American Empire (1942).mp4
1047,480,640,2,335,417,97,179,6724,0.0219,114532,/home/amos/server/media/movies/American Empire (1942)/American Empire (1942).mp4
1048,480,640,0,94,176,138,220,6724,0.0219,114669,/home/amos/server/media/movies/American Empire (1942)/American Empire (1942).mp4
1049,480,640,1,482,580,51,149,9604,0.0313,114669,/home/amos/server/media/movies/American Empire (1942)/American Empire (1942).mp4
1050,480,640,2,335,417,105,187,6724,0.0219,114669,/home/amos/server/media/movies/American Empire (1942)/American Empire (1942).mp4
1051,480,640,0,83,130,43,90,2209,0.0072,114806,/home/amos/server/media/movies/American Empire (1942)/American Empire (1942).mp4
1052,480,640,1,491,538,72,119,2209,0.0072,114806,/home/amos/server/media/movies/American Empire (1942)/American Empire (1942).mp4
1053,480,640,0,134,202,113,181,4624,0.0151,114943,/home/amos/server/media/movies/American Empire (1942)/American Empire (1942).mp4
1054,480,640,1,445,513,57,126,4692,0.0153,114943,/home/amos/server/media/movies/American Empire (1942)/American Empire (1942).mp4
1055,480,640,0,134,202,126,195,4692,0.0153,115080,/home/amos/server/media/movies/American Empire (1942)/American Empire (1942).mp4
1056,480,640,1,431,499,64,132,4624,0.0151,115080,/home/amos/server/media/movies/American Empire (1942)/American Empire (1942).mp4
1057,480,640,2,324,381,91,148,3249,0.0106,115080,/home/amos/server/media/movies/American Empire (1942)/American Empire (1942).mp4
1058,480,640,0,134,202,119,188,4692,0.0153,115217,/home/amos/server/media/movies/American Empire (1942)/American Empire (1942).mp4
1059,480,640,1,438,506,64,132,4624,0.0151,115217,/home/amos/server/media/movies/American Empire (1942)/American Empire (1942).mp4
1060,480,640,2,318,375,85,142,3249,0.0106,115217,/home/amos/server/media/movies/American Empire (1942)/American Empire (1942).mp4
1061,480,640,0,237,276,65,105,1560,0.0051,115354,/home/amos/server/media/movies/American Empire (1942)/American Empire (1942).mp4
1062,480,640,0,233,272,69,109,1560,0.0051,115491,/home/amos/server/media/movies/American Empire (1942)/American Empire (1942).mp4
1063,480,640,0,85,124,69,109,1560,0.0051,115628,/home/amos/server/media/movies/American Empire (1942)/American Empire (1942).mp4
1064,480,640,0,129,168,61,101,1560,0.0051,115765,/home/amos/server/media/movies/American Empire (1942)/American Empire (1942).mp4
1065,480,640,0,117,174,33,90,3249,0.0106,115902,/home/amos/server/media/movies/American Empire (1942)/American Empire (1942).mp4
1066,480,640,1,471,519,53,100,2256,0.0073,115902,/home/amos/server/media/movies/American Empire (1942)/American Empire (1942).mp4
1067,480,640,0,259,377,64,182,13924,0.0453,116039,/home/amos/server/media/movies/American Empire (1942)/American Empire (1942).mp4
1068,480,640,1,567,615,38,86,2304,0.0075,116039,/home/amos/server/media/movies/American Empire (1942)/American Empire (1942).mp4
1069,480,640,0,323,421,91,189,9604,0.0313,116176,/home/amos/server/media/movies/American Empire (1942)/American Empire (1942).mp4
1070,480,640,0,188,306,76,194,13924,0.0453,116313,/home/amos/server/media/movies/American Empire (1942)/American Empire (1942).mp4
1071,480,640,1,567,615,38,86,2304,0.0075,116313,/home/amos/server/media/movies/American Empire (1942)/American Empire (1942).mp4
1072,480,640,0,333,431,91,189,9604,0.0313,116450,/home/amos/server/media/movies/American Empire (1942)/American Empire (1942).mp4
1073,480,640,0,343,441,110,209,9702,0.0316,116587,/home/amos/server/media/movies/American Empire (1942)/American Empire (1942).mp4
1074,480,640,0,49,96,53,100,2209,0.0072,116724,/home/amos/server/media/movies/American Empire (1942)/American Empire (1942).mp4
1075,480,640,0,469,508,69,109,1560,0.0051,117272,/home/amos/server/media/movies/American Empire (1942)/American Empire (1942).mp4
1076,480,640,0,473,512,65,105,1560,0.0051,117409,/home/amos/server/media/movies/American Empire (1942)/American Empire (1942).mp4
1077,480,640,0,422,479,102,159,3249,0.0106,118505,/home/amos/server/media/movies/American Empire (1942)/American Empire (1942).mp4
1078,480,640,0,255,312,96,153,3249,0.0106,118642,/home/amos/server/media/movies/American Empire (1942)/American Empire (1942).mp4
1079,480,640,1,370,427,114,171,3249,0.0106,118642,/home/amos/server/media/movies/American Empire (1942)/American Empire (1942).mp4
1080,480,640,0,376,433,119,176,3249,0.0106,118779,/home/amos/server/media/movies/American Empire (1942)/American Empire (1942).mp4
1081,480,640,0,181,220,105,145,1560,0.0051,119053,/home/amos/server/media/movies/American Empire (1942)/American Empire (1942).mp4
1082,480,640,0,493,574,97,179,6642,0.0216,119601,/home/amos/server/media/movies/American Empire (1942)/American Empire (1942).mp4
1083,480,640,0,119,201,97,179,6724,0.0219,119738,/home/amos/server/media/movies/American Empire (1942)/American Empire (1942).mp4
1084,480,640,1,492,590,91,189,9604,0.0313,119738,/home/amos/server/media/movies/American Empire (1942)/American Empire (1942).mp4
1085,480,640,0,370,427,119,176,3249,0.0106,120971,/home/amos/server/media/movies/American Empire (1942)/American Empire (1942).mp4
1086,480,640,1,45,127,80,162,6724,0.0219,120971,/home/amos/server/media/movies/American Empire (1942)/American Empire (1942).mp4
1087,480,640,2,159,207,62,110,2304,0.0075,120971,/home/amos/server/media/movies/American Empire (1942)/American Empire (1942).mp4
1088,480,640,0,301,358,137,194,3249,0.0106,121108,/home/amos/server/media/movies/American Empire (1942)/American Empire (1942).mp4
1089,480,640,1,119,201,72,154,6724,0.0219,121108,/home/amos/server/media/movies/American Empire (1942)/American Empire (1942).mp4
1090,480,640,2,465,534,113,181,4692,0.0153,121108,/home/amos/server/media/movies/American Empire (1942)/American Empire (1942).mp4
1091,480,640,0,306,375,126,195,4761,0.0155,121245,/home/amos/server/media/movies/American Empire (1942)/American Empire (1942).mp4
1092,480,640,1,486,554,113,181,4624,0.0151,121245,/home/amos/server/media/movies/American Empire (1942)/American Empire (1942).mp4
1093,480,640,2,119,201,72,154,6724,0.0219,121245,/home/amos/server/media/movies/American Empire (1942)/American Empire (1942).mp4
1094,480,640,0,404,452,134,182,2304,0.0075,121382,/home/amos/server/media/movies/American Empire (1942)/American Empire (1942).mp4
1095,480,640,0,175,243,71,139,4624,0.0151,121519,/home/amos/server/media/movies/American Empire (1942)/American Empire (1942).mp4
1096,480,640,1,341,398,102,159,3249,0.0106,121519,/home/amos/server/media/movies/American Empire (1942)/American Empire (1942).mp4
1097,480,640,0,299,346,105,153,2256,0.0073,121656,/home/amos/server/media/movies/American Empire (1942)/American Empire (1942).mp4
1098,480,640,1,434,490,73,130,3192,0.0104,121656,/home/amos/server/media/movies/American Empire (1942)/American Empire (1942).mp4
1099,480,640,2,168,236,64,132,4624,0.0151,121656,/home/amos/server/media/movies/American Empire (1942)/American Empire (1942).mp4
1100,480,640,0,290,346,102,159,3192,0.0104,121793,/home/amos/server/media/movies/American Empire (1942)/American Empire (1942).mp4
1101,480,640,1,428,485,73,130,3249,0.0106,121793,/home/amos/server/media/movies/American Empire (1942)/American Empire (1942).mp4
1102,480,640,0,164,282,88,206,13924,0.0453,121930,/home/amos/server/media/movies/American Empire (1942)/American Empire (1942).mp4
1103,480,640,1,403,521,148,266,13924,0.0453,121930,/home/amos/server/media/movies/American Empire (1942)/American Empire (1942).mp4
1104,480,640,0,140,258,88,206,13924,0.0453,122067,/home/amos/server/media/movies/American Empire (1942)/American Empire (1942).mp4
1105,480,640,1,412,511,160,259,9801,0.0319,122067,/home/amos/server/media/movies/American Empire (1942)/American Empire (1942).mp4
1106,480,640,0,152,270,88,206,13924,0.0453,122204,/home/amos/server/media/movies/American Empire (1942)/American Empire (1942).mp4
1107,480,640,1,412,511,160,259,9801,0.0319,122204,/home/amos/server/media/movies/American Empire (1942)/American Empire (1942).mp4
1108,480,640,0,152,270,88,206,13924,0.0453,122341,/home/amos/server/media/movies/American Empire (1942)/American Empire (1942).mp4
1109,480,640,1,402,501,170,268,9702,0.0316,122341,/home/amos/server/media/movies/American Empire (1942)/American Empire (1942).mp4
1110,480,640,0,363,461,170,268,9604,0.0313,122478,/home/amos/server/media/movies/American Empire (1942)/American Empire (1942).mp4
1111,480,640,1,188,306,100,218,13924,0.0453,122478,/home/amos/server/media/movies/American Empire (1942)/American Empire (1942).mp4
1112,480,640,0,176,294,112,230,13924,0.0453,122615,/home/amos/server/media/movies/American Empire (1942)/American Empire (1942).mp4
1113,480,640,1,372,471,170,268,9702,0.0316,122615,/home/amos/server/media/movies/American Empire (1942)/American Empire (1942).mp4
1114,480,640,0,245,415,168,338,28900,0.0941,122752,/home/amos/server/media/movies/American Empire (1942)/American Empire (1942).mp4
1115,480,640,0,228,398,117,287,28900,0.0941,122889,/home/amos/server/media/movies/American Empire (1942)/American Empire (1942).mp4
1116,480,640,0,228,398,100,269,28730,0.0935,123026,/home/amos/server/media/movies/American Empire (1942)/American Empire (1942).mp4
1117,480,640,0,8,126,231,349,13924,0.0453,123163,/home/amos/server/media/movies/American Empire (1942)/American Empire (1942).mp4
1118,480,640,1,152,270,88,206,13924,0.0453,123163,/home/amos/server/media/movies/American Empire (1942)/American Empire (1942).mp4
1119,480,640,0,240,381,84,226,20022,0.0652,123300,/home/amos/server/media/movies/American Empire (1942)/American Empire (1942).mp4
1120,480,640,0,228,398,186,355,28730,0.0935,123437,/home/amos/server/media/movies/American Empire (1942)/American Empire (1942).mp4
1121,480,640,0,211,381,186,355,28730,0.0935,123574,/home/amos/server/media/movies/American Empire (1942)/American Empire (1942).mp4
1122,480,640,0,323,370,33,81,2256,0.0073,124122,/home/amos/server/media/movies/American Empire (1942)/American Empire (1942).mp4
1123,480,640,0,237,276,181,221,1560,0.0051,124533,/home/amos/server/media/movies/American Empire (1942)/American Empire (1942).mp4
1124,480,640,0,336,393,108,165,3249,0.0106,125081,/home/amos/server/media/movies/American Empire (1942)/American Empire (1942).mp4
1125,480,640,0,134,191,91,148,3249,0.0106,125629,/home/amos/server/media/movies/American Empire (1942)/American Empire (1942).mp4
1126,480,640,1,320,389,99,167,4692,0.0153,125629,/home/amos/server/media/movies/American Empire (1942)/American Empire (1942).mp4
1127,480,640,0,168,236,85,153,4624,0.0151,125766,/home/amos/server/media/movies/American Empire (1942)/American Empire (1942).mp4
1128,480,640,1,324,381,102,159,3249,0.0106,125766,/home/amos/server/media/movies/American Empire (1942)/American Empire (1942).mp4
1129,480,640,0,147,216,78,146,4692,0.0153,125903,/home/amos/server/media/movies/American Empire (1942)/American Empire (1942).mp4
1130,480,640,1,320,389,99,167,4692,0.0153,125903,/home/amos/server/media/movies/American Empire (1942)/American Empire (1942).mp4
1131,480,640,0,355,423,92,160,4624,0.0151,126040,/home/amos/server/media/movies/American Empire (1942)/American Empire (1942).mp4
1132,480,640,1,169,251,97,179,6724,0.0219,126040,/home/amos/server/media/movies/American Empire (1942)/American Empire (1942).mp4
1133,480,640,0,227,309,172,254,6724,0.0219,126725,/home/amos/server/media/movies/American Empire (1942)/American Empire (1942).mp4
1134,480,640,0,393,475,147,229,6724,0.0219,127410,/home/amos/server/media/movies/American Empire (1942)/American Empire (1942).mp4
1135,480,640,0,385,467,147,229,6724,0.0219,127684,/home/amos/server/media/movies/American Empire (1942)/American Empire (1942).mp4
1136,480,640,1,211,292,205,287,6642,0.0216,127684,/home/amos/server/media/movies/American Empire (1942)/American Empire (1942).mp4
1137,480,640,2,434,516,22,104,6724,0.0219,127684,/home/amos/server/media/movies/American Empire (1942)/American Empire (1942).mp4
1138,480,640,0,211,292,205,287,6642,0.0216,127821,/home/amos/server/media/movies/American Empire (1942)/American Empire (1942).mp4
1139,480,640,1,410,492,138,220,6724,0.0219,127821,/home/amos/server/media/movies/American Empire (1942)/American Empire (1942).mp4
1140,480,640,0,93,132,85,125,1560,0.0051,128780,/home/amos/server/media/movies/American Empire (1942)/American Empire (1942).mp4
1141,480,640,0,324,381,85,142,3249,0.0106,130835,/home/amos/server/media/movies/American Empire (1942)/American Empire (1942).mp4
1142,480,640,0,301,358,177,234,3249,0.0106,131246,/home/amos/server/media/movies/American Empire (1942)/American Empire (1942).mp4
1143,480,640,0,371,418,67,114,2209,0.0072,131383,/home/amos/server/media/movies/American Empire (1942)/American Empire (1942).mp4
1144,480,640,0,261,318,125,182,3249,0.0106,131657,/home/amos/server/media/movies/American Empire (1942)/American Empire (1942).mp4
1145,480,640,0,472,541,140,208,4692,0.0153,132753,/home/amos/server/media/movies/American Empire (1942)/American Empire (1942).mp4
1146,480,640,0,230,299,140,208,4692,0.0153,132890,/home/amos/server/media/movies/American Empire (1942)/American Empire (1942).mp4
1147,480,640,0,230,299,119,188,4761,0.0155,133027,/home/amos/server/media/movies/American Empire (1942)/American Empire (1942).mp4
1148,480,640,1,9,77,43,112,4692,0.0153,133027,/home/amos/server/media/movies/American Empire (1942)/American Empire (1942).mp4
1149,480,640,2,493,561,119,188,4692,0.0153,133027,/home/amos/server/media/movies/American Empire (1942)/American Empire (1942).mp4
1150,480,640,0,173,212,133,173,1560,0.0051,134534,/home/amos/server/media/movies/American Empire (1942)/American Empire (1942).mp4
1151,480,640,0,94,192,120,219,9702,0.0316,135082,/home/amos/server/media/movies/American Empire (1942)/American Empire (1942).mp4
1152,480,640,0,283,401,76,194,13924,0.0453,135767,/home/amos/server/media/movies/American Empire (1942)/American Empire (1942).mp4
1153,480,640,0,353,451,61,159,9604,0.0313,136315,/home/amos/server/media/movies/American Empire (1942)/American Empire (1942).mp4
1154,480,640,0,438,485,149,196,2209,0.0072,137274,/home/amos/server/media/movies/American Empire (1942)/American Empire (1942).mp4
1155,480,640,0,94,151,258,315,3249,0.0106,138507,/home/amos/server/media/movies/American Empire (1942)/American Empire (1942).mp4
1156,480,640,0,180,237,177,234,3249,0.0106,138644,/home/amos/server/media/movies/American Empire (1942)/American Empire (1942).mp4
1157,480,640,1,497,554,246,303,3249,0.0106,138644,/home/amos/server/media/movies/American Empire (1942)/American Empire (1942).mp4
1158,480,640,0,99,167,195,264,4692,0.0153,139740,/home/amos/server/media/movies/American Empire (1942)/American Empire (1942).mp4
1159,480,640,0,312,453,127,269,20022,0.0652,140973,/home/amos/server/media/movies/American Empire (1942)/American Empire (1942).mp4
1160,480,640,0,361,408,249,297,2256,0.0073,141521,/home/amos/server/media/movies/American Empire (1942)/American Empire (1942).mp4
1161,480,640,0,324,381,246,303,3249,0.0106,141658,/home/amos/server/media/movies/American Empire (1942)/American Empire (1942).mp4
1162,480,640,0,361,408,235,282,2209,0.0072,141795,/home/amos/server/media/movies/American Empire (1942)/American Empire (1942).mp4
1163,480,640,1,324,381,108,165,3249,0.0106,141795,/home/amos/server/media/movies/American Empire (1942)/American Empire (1942).mp4
1164,480,640,2,220,277,177,234,3249,0.0106,141795,/home/amos/server/media/movies/American Empire (1942)/American Empire (1942).mp4
1165,480,640,3,100,156,212,268,3136,0.0102,141795,/home/amos/server/media/movies/American Empire (1942)/American Empire (1942).mp4
1166,480,640,0,353,410,223,280,3249,0.0106,141932,/home/amos/server/media/movies/American Empire (1942)/American Empire (1942).mp4
1167,480,640,1,336,393,108,165,3249,0.0106,141932,/home/amos/server/media/movies/American Empire (1942)/American Empire (1942).mp4
1168,480,640,2,100,156,212,268,3136,0.0102,141932,/home/amos/server/media/movies/American Empire (1942)/American Empire (1942).mp4
1169,480,640,0,445,513,147,215,4624,0.0151,142069,/home/amos/server/media/movies/American Empire (1942)/American Empire (1942).mp4
1170,480,640,1,293,361,258,326,4624,0.0151,142069,/home/amos/server/media/movies/American Empire (1942)/American Empire (1942).mp4
1171,480,640,2,244,312,113,181,4624,0.0151,142069,/home/amos/server/media/movies/American Empire (1942)/American Empire (1942).mp4
1172,480,640,0,445,513,147,215,4624,0.0151,142206,/home/amos/server/media/movies/American Empire (1942)/American Empire (1942).mp4
1173,480,640,1,251,319,106,174,4624,0.0151,142206,/home/amos/server/media/movies/American Empire (1942)/American Empire (1942).mp4
1174,480,640,2,286,354,251,319,4624,0.0151,142206,/home/amos/server/media/movies/American Empire (1942)/American Empire (1942).mp4
1175,480,640,0,340,482,142,283,20022,0.0652,142343,/home/amos/server/media/movies/American Empire (1942)/American Empire (1942).mp4
1176,480,640,1,82,224,256,398,20164,0.0656,142343,/home/amos/server/media/movies/American Empire (1942)/American Empire (1942).mp4
1177,480,640,0,154,295,228,369,19881,0.0647,142480,/home/amos/server/media/movies/American Empire (1942)/American Empire (1942).mp4
1178,480,640,1,326,467,127,269,20022,0.0652,142480,/home/amos/server/media/movies/American Empire (1942)/American Empire (1942).mp4
1179,480,640,0,140,281,271,412,19881,0.0647,142617,/home/amos/server/media/movies/American Empire (1942)/American Empire (1942).mp4
1180,480,640,1,297,439,127,269,20164,0.0656,142617,/home/amos/server/media/movies/American Empire (1942)/American Empire (1942).mp4
1181,480,640,0,280,449,100,269,28561,0.093,142754,/home/amos/server/media/movies/American Empire (1942)/American Empire (1942).mp4
1182,480,640,1,140,281,256,398,20022,0.0652,142754,/home/amos/server/media/movies/American Empire (1942)/American Empire (1942).mp4
1183,480,640,0,424,492,133,202,4692,0.0153,142891,/home/amos/server/media/movies/American Empire (1942)/American Empire (1942).mp4
1184,480,640,1,258,326,92,160,4624,0.0151,142891,/home/amos/server/media/movies/American Empire (1942)/American Empire (1942).mp4
1185,480,640,2,313,382,237,305,4692,0.0153,142891,/home/amos/server/media/movies/American Empire (1942)/American Empire (1942).mp4
1186,480,640,3,324,381,79,136,3249,0.0106,142891,/home/amos/server/media/movies/American Empire (1942)/American Empire (1942).mp4
1187,480,640,4,120,188,126,195,4692,0.0153,142891,/home/amos/server/media/movies/American Empire (1942)/American Empire (1942).mp4
1188,480,640,0,293,361,92,160,4624,0.0151,143165,/home/amos/server/media/movies/American Empire (1942)/American Empire (1942).mp4
1189,480,640,0,224,292,64,132,4624,0.0151,143302,/home/amos/server/media/movies/American Empire (1942)/American Empire (1942).mp4
1190,480,640,0,211,292,64,146,6642,0.0216,143439,/home/amos/server/media/movies/American Empire (1942)/American Empire (1942).mp4
1191,480,640,0,279,347,126,195,4692,0.0153,143576,/home/amos/server/media/movies/American Empire (1942)/American Empire (1942).mp4
1192,480,640,0,15,63,149,196,2256,0.0073,143713,/home/amos/server/media/movies/American Empire (1942)/American Empire (1942).mp4
1193,480,640,1,189,228,149,189,1560,0.0051,143713,/home/amos/server/media/movies/American Empire (1942)/American Empire (1942).mp4
1194,480,640,0,126,173,129,177,2256,0.0073,143850,/home/amos/server/media/movies/American Empire (1942)/American Empire (1942).mp4
1195,480,640,1,73,112,153,193,1560,0.0051,143850,/home/amos/server/media/movies/American Empire (1942)/American Empire (1942).mp4
1196,480,640,2,289,328,129,169,1560,0.0051,143850,/home/amos/server/media/movies/American Empire (1942)/American Empire (1942).mp4
1197,480,640,0,116,164,129,177,2304,0.0075,143987,/home/amos/server/media/movies/American Empire (1942)/American Empire (1942).mp4
1198,480,640,1,520,577,108,165,3249,0.0106,143987,/home/amos/server/media/movies/American Empire (1942)/American Empire (1942).mp4
1199,480,640,2,69,108,149,189,1560,0.0051,143987,/home/amos/server/media/movies/American Empire (1942)/American Empire (1942).mp4
1200,480,640,3,289,328,133,173,1560,0.0051,143987,/home/amos/server/media/movies/American Empire (1942)/American Empire (1942).mp4
1201,480,640,0,217,285,78,146,4624,0.0151,144124,/home/amos/server/media/movies/American Empire (1942)/American Empire (1942).mp4
1202,480,640,1,141,209,92,160,4624,0.0151,144124,/home/amos/server/media/movies/American Empire (1942)/American Empire (1942).mp4
