,img_height,img_width,face_num,x1,x2,y1,y2,area,pct_of_frame,frame_num,video_src
0,544,1280,0,284,341,365,422,3249,0.0047,584,/home/amos/server/media/movies/Snow White And The Three Stooges (1961)/Snow White And The Three Stooges (1961).mp4
1,544,1280,1,361,400,401,441,1560,0.0022,584,/home/amos/server/media/movies/Snow White And The Three Stooges (1961)/Snow White And The Three Stooges (1961).mp4
2,544,1280,0,284,341,365,422,3249,0.0047,730,/home/amos/server/media/movies/Snow White And The Three Stooges (1961)/Snow White And The Three Stooges (1961).mp4
3,544,1280,1,365,404,405,445,1560,0.0022,730,/home/amos/server/media/movies/Snow White And The Three Stooges (1961)/Snow White And The Three Stooges (1961).mp4
4,544,1280,0,575,674,169,267,9702,0.0139,876,/home/amos/server/media/movies/Snow White And The Three Stooges (1961)/Snow White And The Three Stooges (1961).mp4
5,544,1280,0,861,900,109,149,1560,0.0022,1022,/home/amos/server/media/movies/Snow White And The Three Stooges (1961)/Snow White And The Three Stooges (1961).mp4
6,544,1280,0,861,900,109,149,1560,0.0022,1168,/home/amos/server/media/movies/Snow White And The Three Stooges (1961)/Snow White And The Three Stooges (1961).mp4
7,544,1280,0,565,683,151,269,13924,0.02,1314,/home/amos/server/media/movies/Snow White And The Three Stooges (1961)/Snow White And The Three Stooges (1961).mp4
8,544,1280,0,285,324,341,381,1560,0.0022,2044,/home/amos/server/media/movies/Snow White And The Three Stooges (1961)/Snow White And The Three Stooges (1961).mp4
9,544,1280,0,617,656,217,257,1560,0.0022,2190,/home/amos/server/media/movies/Snow White And The Three Stooges (1961)/Snow White And The Three Stooges (1961).mp4
10,544,1280,0,617,656,213,253,1560,0.0022,2628,/home/amos/server/media/movies/Snow White And The Three Stooges (1961)/Snow White And The Three Stooges (1961).mp4
11,544,1280,0,595,693,199,297,9604,0.0138,2774,/home/amos/server/media/movies/Snow White And The Three Stooges (1961)/Snow White And The Three Stooges (1961).mp4
12,544,1280,0,601,658,140,197,3249,0.0047,3358,/home/amos/server/media/movies/Snow White And The Three Stooges (1961)/Snow White And The Three Stooges (1961).mp4
13,544,1280,0,630,677,144,191,2209,0.0032,3504,/home/amos/server/media/movies/Snow White And The Three Stooges (1961)/Snow White And The Three Stooges (1961).mp4
14,544,1280,0,618,675,140,197,3249,0.0047,3650,/home/amos/server/media/movies/Snow White And The Three Stooges (1961)/Snow White And The Three Stooges (1961).mp4
15,544,1280,0,642,724,99,181,6724,0.0097,3796,/home/amos/server/media/movies/Snow White And The Three Stooges (1961)/Snow White And The Three Stooges (1961).mp4
16,544,1280,1,880,948,185,253,4624,0.0066,3796,/home/amos/server/media/movies/Snow White And The Three Stooges (1961)/Snow White And The Three Stooges (1961).mp4
17,544,1280,2,775,856,107,189,6642,0.0095,3796,/home/amos/server/media/movies/Snow White And The Three Stooges (1961)/Snow White And The Three Stooges (1961).mp4
18,544,1280,0,634,715,141,222,6561,0.0094,6862,/home/amos/server/media/movies/Snow White And The Three Stooges (1961)/Snow White And The Three Stooges (1961).mp4
19,544,1280,0,969,1008,113,153,1560,0.0022,7154,/home/amos/server/media/movies/Snow White And The Three Stooges (1961)/Snow White And The Three Stooges (1961).mp4
20,544,1280,0,580,722,124,265,20022,0.0288,7446,/home/amos/server/media/movies/Snow White And The Three Stooges (1961)/Snow White And The Three Stooges (1961).mp4
21,544,1280,0,527,697,177,347,28900,0.0415,7592,/home/amos/server/media/movies/Snow White And The Three Stooges (1961)/Snow White And The Three Stooges (1961).mp4
22,544,1280,0,555,611,135,191,3136,0.0045,8030,/home/amos/server/media/movies/Snow White And The Three Stooges (1961)/Snow White And The Three Stooges (1961).mp4
23,544,1280,0,285,324,89,129,1560,0.0022,8176,/home/amos/server/media/movies/Snow White And The Three Stooges (1961)/Snow White And The Three Stooges (1961).mp4
24,544,1280,0,526,624,139,237,9604,0.0138,8468,/home/amos/server/media/movies/Snow White And The Three Stooges (1961)/Snow White And The Three Stooges (1961).mp4
25,544,1280,0,417,456,133,173,1560,0.0022,8614,/home/amos/server/media/movies/Snow White And The Three Stooges (1961)/Snow White And The Three Stooges (1961).mp4
26,544,1280,0,327,409,132,214,6724,0.0097,8760,/home/amos/server/media/movies/Snow White And The Three Stooges (1961)/Snow White And The Three Stooges (1961).mp4
27,544,1280,0,761,800,165,205,1560,0.0022,8906,/home/amos/server/media/movies/Snow White And The Three Stooges (1961)/Snow White And The Three Stooges (1961).mp4
28,544,1280,0,765,804,165,205,1560,0.0022,9052,/home/amos/server/media/movies/Snow White And The Three Stooges (1961)/Snow White And The Three Stooges (1961).mp4
29,544,1280,0,757,796,165,205,1560,0.0022,9198,/home/amos/server/media/movies/Snow White And The Three Stooges (1961)/Snow White And The Three Stooges (1961).mp4
30,544,1280,0,541,659,127,245,13924,0.02,9344,/home/amos/server/media/movies/Snow White And The Three Stooges (1961)/Snow White And The Three Stooges (1961).mp4
31,544,1280,0,617,686,130,198,4692,0.0067,9636,/home/amos/server/media/movies/Snow White And The Three Stooges (1961)/Snow White And The Three Stooges (1961).mp4
32,544,1280,0,569,608,221,261,1560,0.0022,9928,/home/amos/server/media/movies/Snow White And The Three Stooges (1961)/Snow White And The Three Stooges (1961).mp4
33,544,1280,1,685,724,197,237,1560,0.0022,9928,/home/amos/server/media/movies/Snow White And The Three Stooges (1961)/Snow White And The Three Stooges (1961).mp4
34,544,1280,2,513,552,185,225,1560,0.0022,9928,/home/amos/server/media/movies/Snow White And The Three Stooges (1961)/Snow White And The Three Stooges (1961).mp4
35,544,1280,3,621,660,209,249,1560,0.0022,9928,/home/amos/server/media/movies/Snow White And The Three Stooges (1961)/Snow White And The Three Stooges (1961).mp4
36,544,1280,4,261,300,197,237,1560,0.0022,9928,/home/amos/server/media/movies/Snow White And The Three Stooges (1961)/Snow White And The Three Stooges (1961).mp4
37,544,1280,5,153,192,165,205,1560,0.0022,9928,/home/amos/server/media/movies/Snow White And The Three Stooges (1961)/Snow White And The Three Stooges (1961).mp4
38,544,1280,6,745,784,181,221,1560,0.0022,9928,/home/amos/server/media/movies/Snow White And The Three Stooges (1961)/Snow White And The Three Stooges (1961).mp4
39,544,1280,0,769,808,157,197,1560,0.0022,10074,/home/amos/server/media/movies/Snow White And The Three Stooges (1961)/Snow White And The Three Stooges (1961).mp4
40,544,1280,1,683,730,168,215,2209,0.0032,10074,/home/amos/server/media/movies/Snow White And The Three Stooges (1961)/Snow White And The Three Stooges (1961).mp4
41,544,1280,2,337,376,161,201,1560,0.0022,10074,/home/amos/server/media/movies/Snow White And The Three Stooges (1961)/Snow White And The Three Stooges (1961).mp4
42,544,1280,3,513,552,165,205,1560,0.0022,10074,/home/amos/server/media/movies/Snow White And The Three Stooges (1961)/Snow White And The Three Stooges (1961).mp4
43,544,1280,4,1029,1068,181,221,1560,0.0022,10074,/home/amos/server/media/movies/Snow White And The Three Stooges (1961)/Snow White And The Three Stooges (1961).mp4
44,544,1280,5,417,456,165,205,1560,0.0022,10074,/home/amos/server/media/movies/Snow White And The Three Stooges (1961)/Snow White And The Three Stooges (1961).mp4
45,544,1280,6,445,484,161,201,1560,0.0022,10074,/home/amos/server/media/movies/Snow White And The Three Stooges (1961)/Snow White And The Three Stooges (1961).mp4
46,544,1280,7,299,346,153,201,2256,0.0032,10074,/home/amos/server/media/movies/Snow White And The Three Stooges (1961)/Snow White And The Three Stooges (1961).mp4
47,544,1280,8,209,266,158,215,3249,0.0047,10074,/home/amos/server/media/movies/Snow White And The Three Stooges (1961)/Snow White And The Three Stooges (1961).mp4
48,544,1280,0,697,744,173,220,2209,0.0032,10220,/home/amos/server/media/movies/Snow White And The Three Stooges (1961)/Snow White And The Three Stooges (1961).mp4
49,544,1280,1,773,812,157,197,1560,0.0022,10220,/home/amos/server/media/movies/Snow White And The Three Stooges (1961)/Snow White And The Three Stooges (1961).mp4
50,544,1280,2,1037,1076,185,225,1560,0.0022,10220,/home/amos/server/media/movies/Snow White And The Three Stooges (1961)/Snow White And The Three Stooges (1961).mp4
51,544,1280,3,405,444,165,205,1560,0.0022,10220,/home/amos/server/media/movies/Snow White And The Three Stooges (1961)/Snow White And The Three Stooges (1961).mp4
52,544,1280,4,505,544,157,197,1560,0.0022,10220,/home/amos/server/media/movies/Snow White And The Three Stooges (1961)/Snow White And The Three Stooges (1961).mp4
53,544,1280,5,299,346,153,201,2256,0.0032,10220,/home/amos/server/media/movies/Snow White And The Three Stooges (1961)/Snow White And The Three Stooges (1961).mp4
54,544,1280,6,589,628,189,229,1560,0.0022,10220,/home/amos/server/media/movies/Snow White And The Three Stooges (1961)/Snow White And The Three Stooges (1961).mp4
55,544,1280,0,717,756,165,205,1560,0.0022,10366,/home/amos/server/media/movies/Snow White And The Three Stooges (1961)/Snow White And The Three Stooges (1961).mp4
56,544,1280,1,617,656,185,225,1560,0.0022,10366,/home/amos/server/media/movies/Snow White And The Three Stooges (1961)/Snow White And The Three Stooges (1961).mp4
57,544,1280,2,557,596,141,181,1560,0.0022,10366,/home/amos/server/media/movies/Snow White And The Three Stooges (1961)/Snow White And The Three Stooges (1961).mp4
58,544,1280,3,155,202,110,158,2256,0.0032,10366,/home/amos/server/media/movies/Snow White And The Three Stooges (1961)/Snow White And The Three Stooges (1961).mp4
59,544,1280,4,294,341,144,191,2209,0.0032,10366,/home/amos/server/media/movies/Snow White And The Three Stooges (1961)/Snow White And The Three Stooges (1961).mp4
60,544,1280,5,497,536,161,201,1560,0.0022,10366,/home/amos/server/media/movies/Snow White And The Three Stooges (1961)/Snow White And The Three Stooges (1961).mp4
61,544,1280,6,993,1032,181,221,1560,0.0022,10366,/home/amos/server/media/movies/Snow White And The Three Stooges (1961)/Snow White And The Three Stooges (1961).mp4
62,544,1280,7,231,279,158,206,2304,0.0033,10366,/home/amos/server/media/movies/Snow White And The Three Stooges (1961)/Snow White And The Three Stooges (1961).mp4
63,544,1280,0,105,162,112,168,3192,0.0046,10512,/home/amos/server/media/movies/Snow White And The Three Stooges (1961)/Snow White And The Three Stooges (1961).mp4
64,544,1280,1,349,388,149,189,1560,0.0022,10512,/home/amos/server/media/movies/Snow White And The Three Stooges (1961)/Snow White And The Three Stooges (1961).mp4
65,544,1280,2,16,84,116,184,4624,0.0066,10512,/home/amos/server/media/movies/Snow White And The Three Stooges (1961)/Snow White And The Three Stooges (1961).mp4
66,544,1280,3,769,816,134,182,2256,0.0032,10512,/home/amos/server/media/movies/Snow White And The Three Stooges (1961)/Snow White And The Three Stooges (1961).mp4
67,544,1280,4,445,502,169,226,3249,0.0047,10512,/home/amos/server/media/movies/Snow White And The Three Stooges (1961)/Snow White And The Three Stooges (1961).mp4
68,544,1280,5,652,709,146,203,3249,0.0047,10512,/home/amos/server/media/movies/Snow White And The Three Stooges (1961)/Snow White And The Three Stooges (1961).mp4
69,544,1280,6,278,335,146,203,3249,0.0047,10512,/home/amos/server/media/movies/Snow White And The Three Stooges (1961)/Snow White And The Three Stooges (1961).mp4
70,544,1280,7,802,859,117,174,3249,0.0047,10512,/home/amos/server/media/movies/Snow White And The Three Stooges (1961)/Snow White And The Three Stooges (1961).mp4
71,544,1280,0,664,721,146,203,3249,0.0047,10658,/home/amos/server/media/movies/Snow White And The Three Stooges (1961)/Snow White And The Three Stooges (1961).mp4
72,544,1280,1,630,677,177,225,2256,0.0032,10658,/home/amos/server/media/movies/Snow White And The Three Stooges (1961)/Snow White And The Three Stooges (1961).mp4
73,544,1280,2,16,84,95,164,4692,0.0067,10658,/home/amos/server/media/movies/Snow White And The Three Stooges (1961)/Snow White And The Three Stooges (1961).mp4
74,544,1280,3,837,894,140,197,3249,0.0047,10658,/home/amos/server/media/movies/Snow White And The Three Stooges (1961)/Snow White And The Three Stooges (1961).mp4
75,544,1280,4,445,502,175,232,3249,0.0047,10658,/home/amos/server/media/movies/Snow White And The Three Stooges (1961)/Snow White And The Three Stooges (1961).mp4
76,544,1280,5,290,346,146,203,3192,0.0046,10658,/home/amos/server/media/movies/Snow White And The Three Stooges (1961)/Snow White And The Three Stooges (1961).mp4
77,544,1280,6,375,423,168,215,2256,0.0032,10658,/home/amos/server/media/movies/Snow White And The Three Stooges (1961)/Snow White And The Three Stooges (1961).mp4
78,544,1280,7,197,254,135,191,3192,0.0046,10658,/home/amos/server/media/movies/Snow White And The Three Stooges (1961)/Snow White And The Three Stooges (1961).mp4
79,544,1280,8,779,826,149,196,2209,0.0032,10658,/home/amos/server/media/movies/Snow White And The Three Stooges (1961)/Snow White And The Three Stooges (1961).mp4
80,544,1280,9,578,634,175,232,3192,0.0046,10658,/home/amos/server/media/movies/Snow White And The Three Stooges (1961)/Snow White And The Three Stooges (1961).mp4
81,544,1280,10,796,853,112,168,3192,0.0046,10658,/home/amos/server/media/movies/Snow White And The Three Stooges (1961)/Snow White And The Three Stooges (1961).mp4
82,544,1280,0,68,166,89,188,9702,0.0139,10804,/home/amos/server/media/movies/Snow White And The Three Stooges (1961)/Snow White And The Three Stooges (1961).mp4
83,544,1280,1,336,435,109,208,9801,0.0141,10804,/home/amos/server/media/movies/Snow White And The Three Stooges (1961)/Snow White And The Three Stooges (1961).mp4
84,544,1280,2,494,636,153,294,20022,0.0288,10804,/home/amos/server/media/movies/Snow White And The Three Stooges (1961)/Snow White And The Three Stooges (1961).mp4
85,544,1280,3,658,740,124,206,6724,0.0097,10804,/home/amos/server/media/movies/Snow White And The Three Stooges (1961)/Snow White And The Three Stooges (1961).mp4
86,544,1280,4,1172,1271,209,307,9702,0.0139,10804,/home/amos/server/media/movies/Snow White And The Three Stooges (1961)/Snow White And The Three Stooges (1961).mp4
87,544,1280,5,774,873,119,217,9702,0.0139,10804,/home/amos/server/media/movies/Snow White And The Three Stooges (1961)/Snow White And The Three Stooges (1961).mp4
88,544,1280,6,1113,1211,109,208,9702,0.0139,10804,/home/amos/server/media/movies/Snow White And The Three Stooges (1961)/Snow White And The Three Stooges (1961).mp4
89,544,1280,0,675,757,124,206,6724,0.0097,10950,/home/amos/server/media/movies/Snow White And The Three Stooges (1961)/Snow White And The Three Stooges (1961).mp4
90,544,1280,1,88,186,59,158,9702,0.0139,10950,/home/amos/server/media/movies/Snow White And The Three Stooges (1961)/Snow White And The Three Stooges (1961).mp4
91,544,1280,2,1182,1280,209,307,9604,0.0138,10950,/home/amos/server/media/movies/Snow White And The Three Stooges (1961)/Snow White And The Three Stooges (1961).mp4
92,544,1280,3,506,624,175,293,13924,0.02,10950,/home/amos/server/media/movies/Snow White And The Three Stooges (1961)/Snow White And The Three Stooges (1961).mp4
93,544,1280,4,784,883,99,198,9801,0.0141,10950,/home/amos/server/media/movies/Snow White And The Three Stooges (1961)/Snow White And The Three Stooges (1961).mp4
94,544,1280,0,934,1032,109,208,9702,0.0139,11096,/home/amos/server/media/movies/Snow White And The Three Stooges (1961)/Snow White And The Three Stooges (1961).mp4
95,544,1280,1,203,271,192,260,4624,0.0066,11096,/home/amos/server/media/movies/Snow White And The Three Stooges (1961)/Snow White And The Three Stooges (1961).mp4
96,544,1280,2,551,633,190,272,6724,0.0097,11096,/home/amos/server/media/movies/Snow White And The Three Stooges (1961)/Snow White And The Three Stooges (1961).mp4
97,544,1280,3,128,210,165,247,6724,0.0097,11096,/home/amos/server/media/movies/Snow White And The Three Stooges (1961)/Snow White And The Three Stooges (1961).mp4
98,544,1280,0,459,541,157,239,6724,0.0097,11242,/home/amos/server/media/movies/Snow White And The Three Stooges (1961)/Snow White And The Three Stooges (1961).mp4
99,544,1280,1,1048,1130,248,330,6724,0.0097,11242,/home/amos/server/media/movies/Snow White And The Three Stooges (1961)/Snow White And The Three Stooges (1961).mp4
100,544,1280,2,376,458,223,305,6724,0.0097,11242,/home/amos/server/media/movies/Snow White And The Three Stooges (1961)/Snow White And The Three Stooges (1961).mp4
101,544,1280,3,217,285,157,226,4692,0.0067,11242,/home/amos/server/media/movies/Snow White And The Three Stooges (1961)/Snow White And The Three Stooges (1961).mp4
102,544,1280,4,152,234,157,239,6724,0.0097,11242,/home/amos/server/media/movies/Snow White And The Three Stooges (1961)/Snow White And The Three Stooges (1961).mp4
103,544,1280,5,576,644,151,219,4624,0.0066,11242,/home/amos/server/media/movies/Snow White And The Three Stooges (1961)/Snow White And The Three Stooges (1961).mp4
104,544,1280,6,940,1022,199,281,6724,0.0097,11242,/home/amos/server/media/movies/Snow White And The Three Stooges (1961)/Snow White And The Three Stooges (1961).mp4
105,544,1280,7,675,773,209,307,9604,0.0138,11242,/home/amos/server/media/movies/Snow White And The Three Stooges (1961)/Snow White And The Three Stooges (1961).mp4
106,544,1280,0,313,370,163,220,3249,0.0047,11388,/home/amos/server/media/movies/Snow White And The Three Stooges (1961)/Snow White And The Three Stooges (1961).mp4
107,544,1280,1,790,859,199,267,4692,0.0067,11388,/home/amos/server/media/movies/Snow White And The Three Stooges (1961)/Snow White And The Three Stooges (1961).mp4
108,544,1280,2,824,906,141,222,6642,0.0095,11388,/home/amos/server/media/movies/Snow White And The Three Stooges (1961)/Snow White And The Three Stooges (1961).mp4
109,544,1280,3,553,600,192,239,2209,0.0032,11388,/home/amos/server/media/movies/Snow White And The Three Stooges (1961)/Snow White And The Three Stooges (1961).mp4
110,544,1280,4,445,513,220,288,4624,0.0066,11388,/home/amos/server/media/movies/Snow White And The Three Stooges (1961)/Snow White And The Three Stooges (1961).mp4
111,544,1280,5,202,284,149,231,6724,0.0097,11388,/home/amos/server/media/movies/Snow White And The Three Stooges (1961)/Snow White And The Three Stooges (1961).mp4
112,544,1280,6,678,725,182,230,2256,0.0032,11388,/home/amos/server/media/movies/Snow White And The Three Stooges (1961)/Snow White And The Three Stooges (1961).mp4
113,544,1280,7,1119,1176,192,249,3249,0.0047,11388,/home/amos/server/media/movies/Snow White And The Three Stooges (1961)/Snow White And The Three Stooges (1961).mp4
114,544,1280,0,507,575,213,281,4624,0.0066,11534,/home/amos/server/media/movies/Snow White And The Three Stooges (1961)/Snow White And The Three Stooges (1961).mp4
115,544,1280,1,1158,1205,201,249,2256,0.0032,11534,/home/amos/server/media/movies/Snow White And The Three Stooges (1961)/Snow White And The Three Stooges (1961).mp4
116,544,1280,2,1037,1076,213,253,1560,0.0022,11534,/home/amos/server/media/movies/Snow White And The Three Stooges (1961)/Snow White And The Three Stooges (1961).mp4
117,544,1280,3,73,120,192,239,2209,0.0032,11534,/home/amos/server/media/movies/Snow White And The Three Stooges (1961)/Snow White And The Three Stooges (1961).mp4
118,544,1280,4,201,240,209,249,1560,0.0022,11534,/home/amos/server/media/movies/Snow White And The Three Stooges (1961)/Snow White And The Three Stooges (1961).mp4
119,544,1280,5,758,840,124,206,6724,0.0097,11534,/home/amos/server/media/movies/Snow White And The Three Stooges (1961)/Snow White And The Three Stooges (1961).mp4
120,544,1280,6,320,389,192,260,4692,0.0067,11534,/home/amos/server/media/movies/Snow White And The Three Stooges (1961)/Snow White And The Three Stooges (1961).mp4
121,544,1280,0,355,423,178,246,4624,0.0066,11680,/home/amos/server/media/movies/Snow White And The Three Stooges (1961)/Snow White And The Three Stooges (1961).mp4
122,544,1280,1,1220,1268,192,239,2256,0.0032,11680,/home/amos/server/media/movies/Snow White And The Three Stooges (1961)/Snow White And The Three Stooges (1961).mp4
123,544,1280,2,584,666,190,272,6724,0.0097,11680,/home/amos/server/media/movies/Snow White And The Three Stooges (1961)/Snow White And The Three Stooges (1961).mp4
124,544,1280,3,129,168,185,225,1560,0.0022,11680,/home/amos/server/media/movies/Snow White And The Three Stooges (1961)/Snow White And The Three Stooges (1961).mp4
125,544,1280,4,1089,1128,201,241,1560,0.0022,11680,/home/amos/server/media/movies/Snow White And The Three Stooges (1961)/Snow White And The Three Stooges (1961).mp4
126,544,1280,5,761,800,201,241,1560,0.0022,11680,/home/amos/server/media/movies/Snow White And The Three Stooges (1961)/Snow White And The Three Stooges (1961).mp4
127,544,1280,0,1230,1277,192,239,2209,0.0032,11826,/home/amos/server/media/movies/Snow White And The Three Stooges (1961)/Snow White And The Three Stooges (1961).mp4
128,544,1280,1,141,180,181,221,1560,0.0022,11826,/home/amos/server/media/movies/Snow White And The Three Stooges (1961)/Snow White And The Three Stooges (1961).mp4
129,544,1280,2,600,682,190,272,6724,0.0097,11826,/home/amos/server/media/movies/Snow White And The Three Stooges (1961)/Snow White And The Three Stooges (1961).mp4
130,544,1280,3,360,442,165,247,6724,0.0097,11826,/home/amos/server/media/movies/Snow White And The Three Stooges (1961)/Snow White And The Three Stooges (1961).mp4
131,544,1280,4,1097,1136,201,241,1560,0.0022,11826,/home/amos/server/media/movies/Snow White And The Three Stooges (1961)/Snow White And The Three Stooges (1961).mp4
132,544,1280,5,1,48,173,220,2209,0.0032,11826,/home/amos/server/media/movies/Snow White And The Three Stooges (1961)/Snow White And The Three Stooges (1961).mp4
133,544,1280,6,753,792,197,237,1560,0.0022,11826,/home/amos/server/media/movies/Snow White And The Three Stooges (1961)/Snow White And The Three Stooges (1961).mp4
134,544,1280,7,766,848,116,198,6724,0.0097,11826,/home/amos/server/media/movies/Snow White And The Three Stooges (1961)/Snow White And The Three Stooges (1961).mp4
135,544,1280,8,265,304,197,237,1560,0.0022,11826,/home/amos/server/media/movies/Snow White And The Three Stooges (1961)/Snow White And The Three Stooges (1961).mp4
136,544,1280,0,534,616,199,281,6724,0.0097,11972,/home/amos/server/media/movies/Snow White And The Three Stooges (1961)/Snow White And The Three Stooges (1961).mp4
137,544,1280,1,733,815,107,189,6724,0.0097,11972,/home/amos/server/media/movies/Snow White And The Three Stooges (1961)/Snow White And The Three Stooges (1961).mp4
138,544,1280,2,1230,1277,192,239,2209,0.0032,11972,/home/amos/server/media/movies/Snow White And The Three Stooges (1961)/Snow White And The Three Stooges (1961).mp4
139,544,1280,3,121,168,177,225,2256,0.0032,11972,/home/amos/server/media/movies/Snow White And The Three Stooges (1961)/Snow White And The Three Stooges (1961).mp4
140,544,1280,4,343,425,182,264,6724,0.0097,11972,/home/amos/server/media/movies/Snow White And The Three Stooges (1961)/Snow White And The Three Stooges (1961).mp4
141,544,1280,5,1097,1136,201,241,1560,0.0022,11972,/home/amos/server/media/movies/Snow White And The Three Stooges (1961)/Snow White And The Three Stooges (1961).mp4
142,544,1280,6,0,39,177,225,1872,0.0027,11972,/home/amos/server/media/movies/Snow White And The Three Stooges (1961)/Snow White And The Three Stooges (1961).mp4
143,544,1280,0,583,651,206,274,4624,0.0066,12118,/home/amos/server/media/movies/Snow White And The Three Stooges (1961)/Snow White And The Three Stooges (1961).mp4
144,544,1280,1,1235,1280,192,239,2115,0.003,12118,/home/amos/server/media/movies/Snow White And The Three Stooges (1961)/Snow White And The Three Stooges (1961).mp4
145,544,1280,2,1085,1124,193,233,1560,0.0022,12118,/home/amos/server/media/movies/Snow White And The Three Stooges (1961)/Snow White And The Three Stooges (1961).mp4
146,544,1280,3,0,44,173,220,2068,0.003,12118,/home/amos/server/media/movies/Snow White And The Three Stooges (1961)/Snow White And The Three Stooges (1961).mp4
147,544,1280,4,251,298,187,234,2209,0.0032,12118,/home/amos/server/media/movies/Snow White And The Three Stooges (1961)/Snow White And The Three Stooges (1961).mp4
148,544,1280,0,329,368,145,185,1560,0.0022,12264,/home/amos/server/media/movies/Snow White And The Three Stooges (1961)/Snow White And The Three Stooges (1961).mp4
149,544,1280,1,937,976,113,153,1560,0.0022,12264,/home/amos/server/media/movies/Snow White And The Three Stooges (1961)/Snow White And The Three Stooges (1961).mp4
150,544,1280,0,865,904,141,181,1560,0.0022,12410,/home/amos/server/media/movies/Snow White And The Three Stooges (1961)/Snow White And The Three Stooges (1961).mp4
151,544,1280,0,821,860,89,129,1560,0.0022,13724,/home/amos/server/media/movies/Snow White And The Three Stooges (1961)/Snow White And The Three Stooges (1961).mp4
152,544,1280,1,433,472,89,129,1560,0.0022,13724,/home/amos/server/media/movies/Snow White And The Three Stooges (1961)/Snow White And The Three Stooges (1961).mp4
153,544,1280,2,653,692,201,241,1560,0.0022,13724,/home/amos/server/media/movies/Snow White And The Three Stooges (1961)/Snow White And The Three Stooges (1961).mp4
154,544,1280,0,865,904,173,213,1560,0.0022,14162,/home/amos/server/media/movies/Snow White And The Three Stooges (1961)/Snow White And The Three Stooges (1961).mp4
155,544,1280,0,665,704,21,61,1560,0.0022,15476,/home/amos/server/media/movies/Snow White And The Three Stooges (1961)/Snow White And The Three Stooges (1961).mp4
156,544,1280,0,885,924,177,217,1560,0.0022,15914,/home/amos/server/media/movies/Snow White And The Three Stooges (1961)/Snow White And The Three Stooges (1961).mp4
157,544,1280,1,169,216,153,201,2256,0.0032,15914,/home/amos/server/media/movies/Snow White And The Three Stooges (1961)/Snow White And The Three Stooges (1961).mp4
158,544,1280,2,229,268,161,201,1560,0.0022,15914,/home/amos/server/media/movies/Snow White And The Three Stooges (1961)/Snow White And The Three Stooges (1961).mp4
159,544,1280,0,589,628,161,201,1560,0.0022,17520,/home/amos/server/media/movies/Snow White And The Three Stooges (1961)/Snow White And The Three Stooges (1961).mp4
160,544,1280,1,940,997,106,163,3249,0.0047,17520,/home/amos/server/media/movies/Snow White And The Three Stooges (1961)/Snow White And The Three Stooges (1961).mp4
161,544,1280,2,513,552,193,233,1560,0.0022,17520,/home/amos/server/media/movies/Snow White And The Three Stooges (1961)/Snow White And The Three Stooges (1961).mp4
162,544,1280,3,694,762,199,267,4624,0.0066,17520,/home/amos/server/media/movies/Snow White And The Three Stooges (1961)/Snow White And The Three Stooges (1961).mp4
163,544,1280,4,1217,1256,209,249,1560,0.0022,17520,/home/amos/server/media/movies/Snow White And The Three Stooges (1961)/Snow White And The Three Stooges (1961).mp4
164,544,1280,0,413,452,161,201,1560,0.0022,17812,/home/amos/server/media/movies/Snow White And The Three Stooges (1961)/Snow White And The Three Stooges (1961).mp4
165,544,1280,1,1145,1184,173,213,1560,0.0022,17812,/home/amos/server/media/movies/Snow White And The Three Stooges (1961)/Snow White And The Three Stooges (1961).mp4
166,544,1280,2,373,412,129,169,1560,0.0022,17812,/home/amos/server/media/movies/Snow White And The Three Stooges (1961)/Snow White And The Three Stooges (1961).mp4
167,544,1280,3,209,266,284,341,3249,0.0047,17812,/home/amos/server/media/movies/Snow White And The Three Stooges (1961)/Snow White And The Three Stooges (1961).mp4
168,544,1280,0,406,576,91,261,28900,0.0415,18104,/home/amos/server/media/movies/Snow White And The Three Stooges (1961)/Snow White And The Three Stooges (1961).mp4
169,544,1280,1,664,834,263,433,28900,0.0415,18104,/home/amos/server/media/movies/Snow White And The Three Stooges (1961)/Snow White And The Three Stooges (1961).mp4
170,544,1280,0,406,576,91,261,28900,0.0415,18250,/home/amos/server/media/movies/Snow White And The Three Stooges (1961)/Snow White And The Three Stooges (1961).mp4
171,544,1280,1,643,847,282,486,41616,0.0598,18250,/home/amos/server/media/movies/Snow White And The Three Stooges (1961)/Snow White And The Three Stooges (1961).mp4
172,544,1280,0,406,576,108,278,28900,0.0415,18396,/home/amos/server/media/movies/Snow White And The Three Stooges (1961)/Snow White And The Three Stooges (1961).mp4
173,544,1280,1,622,826,262,465,41412,0.0595,18396,/home/amos/server/media/movies/Snow White And The Three Stooges (1961)/Snow White And The Three Stooges (1961).mp4
174,544,1280,0,907,989,116,198,6724,0.0097,18542,/home/amos/server/media/movies/Snow White And The Three Stooges (1961)/Snow White And The Three Stooges (1961).mp4
175,544,1280,1,318,400,141,222,6642,0.0095,18542,/home/amos/server/media/movies/Snow White And The Three Stooges (1961)/Snow White And The Three Stooges (1961).mp4
176,544,1280,2,30,87,284,341,3249,0.0047,18542,/home/amos/server/media/movies/Snow White And The Three Stooges (1961)/Snow White And The Three Stooges (1961).mp4
177,544,1280,3,681,738,267,324,3249,0.0047,18542,/home/amos/server/media/movies/Snow White And The Three Stooges (1961)/Snow White And The Three Stooges (1961).mp4
178,544,1280,0,389,559,108,278,28900,0.0415,18688,/home/amos/server/media/movies/Snow White And The Three Stooges (1961)/Snow White And The Three Stooges (1961).mp4
179,544,1280,1,643,847,282,486,41616,0.0598,18688,/home/amos/server/media/movies/Snow White And The Three Stooges (1961)/Snow White And The Three Stooges (1961).mp4
180,544,1280,0,601,719,199,317,13924,0.02,18834,/home/amos/server/media/movies/Snow White And The Three Stooges (1961)/Snow White And The Three Stooges (1961).mp4
181,544,1280,0,580,722,167,308,20022,0.0288,18980,/home/amos/server/media/movies/Snow White And The Three Stooges (1961)/Snow White And The Three Stooges (1961).mp4
182,544,1280,0,794,893,189,287,9702,0.0139,19126,/home/amos/server/media/movies/Snow White And The Three Stooges (1961)/Snow White And The Three Stooges (1961).mp4
183,544,1280,1,327,409,132,214,6724,0.0097,19126,/home/amos/server/media/movies/Snow White And The Three Stooges (1961)/Snow White And The Three Stooges (1961).mp4
184,544,1280,2,63,111,288,335,2256,0.0032,19126,/home/amos/server/media/movies/Snow White And The Three Stooges (1961)/Snow White And The Three Stooges (1961).mp4
185,544,1280,0,354,558,97,300,41412,0.0595,19272,/home/amos/server/media/movies/Snow White And The Three Stooges (1961)/Snow White And The Three Stooges (1961).mp4
186,544,1280,1,643,847,262,465,41412,0.0595,19272,/home/amos/server/media/movies/Snow White And The Three Stooges (1961)/Snow White And The Three Stooges (1961).mp4
187,544,1280,0,441,611,108,278,28900,0.0415,19418,/home/amos/server/media/movies/Snow White And The Three Stooges (1961)/Snow White And The Three Stooges (1961).mp4
188,544,1280,0,602,806,200,404,41616,0.0598,19564,/home/amos/server/media/movies/Snow White And The Three Stooges (1961)/Snow White And The Three Stooges (1961).mp4
189,544,1280,0,899,981,116,198,6724,0.0097,19710,/home/amos/server/media/movies/Snow White And The Three Stooges (1961)/Snow White And The Three Stooges (1961).mp4
190,544,1280,1,317,415,139,237,9604,0.0138,19710,/home/amos/server/media/movies/Snow White And The Three Stooges (1961)/Snow White And The Three Stooges (1961).mp4
191,544,1280,2,687,744,273,330,3249,0.0047,19710,/home/amos/server/media/movies/Snow White And The Three Stooges (1961)/Snow White And The Three Stooges (1961).mp4
192,544,1280,3,54,101,288,335,2209,0.0032,19710,/home/amos/server/media/movies/Snow White And The Three Stooges (1961)/Snow White And The Three Stooges (1961).mp4
193,544,1280,0,406,576,125,295,28900,0.0415,19856,/home/amos/server/media/movies/Snow White And The Three Stooges (1961)/Snow White And The Three Stooges (1961).mp4
194,544,1280,0,424,594,125,295,28900,0.0415,20002,/home/amos/server/media/movies/Snow White And The Three Stooges (1961)/Snow White And The Three Stooges (1961).mp4
195,544,1280,0,774,873,179,277,9702,0.0139,20148,/home/amos/server/media/movies/Snow White And The Three Stooges (1961)/Snow White And The Three Stooges (1961).mp4
196,544,1280,1,326,425,139,237,9702,0.0139,20148,/home/amos/server/media/movies/Snow White And The Three Stooges (1961)/Snow White And The Three Stooges (1961).mp4
197,544,1280,0,136,277,138,280,20022,0.0288,20732,/home/amos/server/media/movies/Snow White And The Three Stooges (1961)/Snow White And The Three Stooges (1961).mp4
198,544,1280,1,600,682,215,297,6724,0.0097,20732,/home/amos/server/media/movies/Snow White And The Three Stooges (1961)/Snow White And The Three Stooges (1961).mp4
199,544,1280,2,1076,1124,105,153,2304,0.0033,20732,/home/amos/server/media/movies/Snow White And The Three Stooges (1961)/Snow White And The Three Stooges (1961).mp4
200,544,1280,3,513,552,189,229,1560,0.0022,20732,/home/amos/server/media/movies/Snow White And The Three Stooges (1961)/Snow White And The Three Stooges (1961).mp4
201,544,1280,4,763,831,171,240,4692,0.0067,20732,/home/amos/server/media/movies/Snow White And The Three Stooges (1961)/Snow White And The Three Stooges (1961).mp4
202,544,1280,5,353,392,57,97,1560,0.0022,20732,/home/amos/server/media/movies/Snow White And The Three Stooges (1961)/Snow White And The Three Stooges (1961).mp4
203,544,1280,6,836,884,62,110,2304,0.0033,20732,/home/amos/server/media/movies/Snow White And The Three Stooges (1961)/Snow White And The Three Stooges (1961).mp4
204,544,1280,7,41,80,157,197,1560,0.0022,20732,/home/amos/server/media/movies/Snow White And The Three Stooges (1961)/Snow White And The Three Stooges (1961).mp4
205,544,1280,0,704,761,163,220,3249,0.0047,20878,/home/amos/server/media/movies/Snow White And The Three Stooges (1961)/Snow White And The Three Stooges (1961).mp4
206,544,1280,1,1019,1066,273,321,2256,0.0032,20878,/home/amos/server/media/movies/Snow White And The Three Stooges (1961)/Snow White And The Three Stooges (1961).mp4
207,544,1280,2,486,533,283,330,2209,0.0032,20878,/home/amos/server/media/movies/Snow White And The Three Stooges (1961)/Snow White And The Three Stooges (1961).mp4
208,544,1280,0,174,231,330,387,3249,0.0047,21024,/home/amos/server/media/movies/Snow White And The Three Stooges (1961)/Snow White And The Three Stooges (1961).mp4
209,544,1280,1,894,951,440,497,3249,0.0047,21024,/home/amos/server/media/movies/Snow White And The Three Stooges (1961)/Snow White And The Three Stooges (1961).mp4
210,544,1280,2,212,260,225,273,2304,0.0033,21024,/home/amos/server/media/movies/Snow White And The Three Stooges (1961)/Snow White And The Three Stooges (1961).mp4
211,544,1280,3,728,796,61,129,4624,0.0066,21024,/home/amos/server/media/movies/Snow White And The Three Stooges (1961)/Snow White And The Three Stooges (1961).mp4
212,544,1280,4,433,472,89,129,1560,0.0022,21024,/home/amos/server/media/movies/Snow White And The Three Stooges (1961)/Snow White And The Three Stooges (1961).mp4
213,544,1280,5,981,1038,65,122,3249,0.0047,21024,/home/amos/server/media/movies/Snow White And The Three Stooges (1961)/Snow White And The Three Stooges (1961).mp4
214,544,1280,6,1105,1152,96,143,2209,0.0032,21024,/home/amos/server/media/movies/Snow White And The Three Stooges (1961)/Snow White And The Three Stooges (1961).mp4
215,544,1280,7,535,634,368,466,9702,0.0139,21024,/home/amos/server/media/movies/Snow White And The Three Stooges (1961)/Snow White And The Three Stooges (1961).mp4
216,544,1280,8,217,256,89,129,1560,0.0022,21024,/home/amos/server/media/movies/Snow White And The Three Stooges (1961)/Snow White And The Three Stooges (1961).mp4
217,544,1280,0,385,467,91,173,6724,0.0097,21170,/home/amos/server/media/movies/Snow White And The Three Stooges (1961)/Snow White And The Three Stooges (1961).mp4
218,544,1280,1,741,823,174,256,6724,0.0097,21170,/home/amos/server/media/movies/Snow White And The Three Stooges (1961)/Snow White And The Three Stooges (1961).mp4
219,544,1280,0,385,467,91,173,6724,0.0097,21316,/home/amos/server/media/movies/Snow White And The Three Stooges (1961)/Snow White And The Three Stooges (1961).mp4
220,544,1280,1,725,807,190,272,6724,0.0097,21316,/home/amos/server/media/movies/Snow White And The Three Stooges (1961)/Snow White And The Three Stooges (1961).mp4
221,544,1280,0,529,568,81,121,1560,0.0022,21462,/home/amos/server/media/movies/Snow White And The Three Stooges (1961)/Snow White And The Three Stooges (1961).mp4
222,544,1280,1,645,684,137,177,1560,0.0022,21462,/home/amos/server/media/movies/Snow White And The Three Stooges (1961)/Snow White And The Three Stooges (1961).mp4
223,544,1280,0,825,882,140,197,3249,0.0047,21608,/home/amos/server/media/movies/Snow White And The Three Stooges (1961)/Snow White And The Three Stooges (1961).mp4
224,544,1280,1,301,358,77,134,3249,0.0047,21608,/home/amos/server/media/movies/Snow White And The Three Stooges (1961)/Snow White And The Three Stooges (1961).mp4
225,544,1280,0,506,624,163,281,13924,0.02,21754,/home/amos/server/media/movies/Snow White And The Three Stooges (1961)/Snow White And The Three Stooges (1961).mp4
226,544,1280,0,530,647,139,257,13806,0.0198,21900,/home/amos/server/media/movies/Snow White And The Three Stooges (1961)/Snow White And The Three Stooges (1961).mp4
227,544,1280,0,518,636,103,221,13924,0.02,22046,/home/amos/server/media/movies/Snow White And The Three Stooges (1961)/Snow White And The Three Stooges (1961).mp4
228,544,1280,0,676,732,169,226,3192,0.0046,22192,/home/amos/server/media/movies/Snow White And The Three Stooges (1961)/Snow White And The Three Stooges (1961).mp4
229,544,1280,1,489,528,109,149,1560,0.0022,22192,/home/amos/server/media/movies/Snow White And The Three Stooges (1961)/Snow White And The Three Stooges (1961).mp4
230,544,1280,0,424,492,75,143,4624,0.0066,22338,/home/amos/server/media/movies/Snow White And The Three Stooges (1961)/Snow White And The Three Stooges (1961).mp4
231,544,1280,1,699,755,296,353,3192,0.0046,22338,/home/amos/server/media/movies/Snow White And The Three Stooges (1961)/Snow White And The Three Stooges (1961).mp4
232,544,1280,0,465,504,97,137,1560,0.0022,22484,/home/amos/server/media/movies/Snow White And The Three Stooges (1961)/Snow White And The Three Stooges (1961).mp4
233,544,1280,0,908,976,137,205,4624,0.0066,22630,/home/amos/server/media/movies/Snow White And The Three Stooges (1961)/Snow White And The Three Stooges (1961).mp4
234,544,1280,1,428,476,81,129,2304,0.0033,22630,/home/amos/server/media/movies/Snow White And The Three Stooges (1961)/Snow White And The Three Stooges (1961).mp4
235,544,1280,0,428,476,86,134,2304,0.0033,22776,/home/amos/server/media/movies/Snow White And The Three Stooges (1961)/Snow White And The Three Stooges (1961).mp4
236,544,1280,0,438,485,110,158,2256,0.0032,22922,/home/amos/server/media/movies/Snow White And The Three Stooges (1961)/Snow White And The Three Stooges (1961).mp4
237,544,1280,0,410,478,95,164,4692,0.0067,23068,/home/amos/server/media/movies/Snow White And The Three Stooges (1961)/Snow White And The Three Stooges (1961).mp4
238,544,1280,1,652,720,185,253,4624,0.0066,23068,/home/amos/server/media/movies/Snow White And The Three Stooges (1961)/Snow White And The Three Stooges (1961).mp4
239,544,1280,0,687,755,178,246,4624,0.0066,23214,/home/amos/server/media/movies/Snow White And The Three Stooges (1961)/Snow White And The Three Stooges (1961).mp4
240,544,1280,0,609,691,157,239,6724,0.0097,23360,/home/amos/server/media/movies/Snow White And The Three Stooges (1961)/Snow White And The Three Stooges (1961).mp4
241,544,1280,1,0,57,95,164,3933,0.0056,23360,/home/amos/server/media/movies/Snow White And The Three Stooges (1961)/Snow White And The Three Stooges (1961).mp4
242,544,1280,0,466,564,109,208,9702,0.0139,23506,/home/amos/server/media/movies/Snow White And The Three Stooges (1961)/Snow White And The Three Stooges (1961).mp4
243,544,1280,0,641,680,121,161,1560,0.0022,24236,/home/amos/server/media/movies/Snow White And The Three Stooges (1961)/Snow White And The Three Stooges (1961).mp4
244,544,1280,0,497,536,81,121,1560,0.0022,24382,/home/amos/server/media/movies/Snow White And The Three Stooges (1961)/Snow White And The Three Stooges (1961).mp4
245,544,1280,0,418,500,132,214,6724,0.0097,24674,/home/amos/server/media/movies/Snow White And The Three Stooges (1961)/Snow White And The Three Stooges (1961).mp4
246,544,1280,0,410,478,137,205,4624,0.0066,24820,/home/amos/server/media/movies/Snow White And The Three Stooges (1961)/Snow White And The Three Stooges (1961).mp4
247,544,1280,0,695,793,159,257,9604,0.0138,24966,/home/amos/server/media/movies/Snow White And The Three Stooges (1961)/Snow White And The Three Stooges (1961).mp4
248,544,1280,0,438,506,157,226,4692,0.0067,25112,/home/amos/server/media/movies/Snow White And The Three Stooges (1961)/Snow White And The Three Stooges (1961).mp4
249,544,1280,0,681,822,153,294,19881,0.0286,25988,/home/amos/server/media/movies/Snow White And The Three Stooges (1961)/Snow White And The Three Stooges (1961).mp4
250,544,1280,1,475,645,211,381,28900,0.0415,25988,/home/amos/server/media/movies/Snow White And The Three Stooges (1961)/Snow White And The Three Stooges (1961).mp4
251,544,1280,0,615,713,159,257,9604,0.0138,26134,/home/amos/server/media/movies/Snow White And The Three Stooges (1961)/Snow White And The Three Stooges (1961).mp4
252,544,1280,1,380,521,181,323,20022,0.0288,26134,/home/amos/server/media/movies/Snow White And The Three Stooges (1961)/Snow White And The Three Stooges (1961).mp4
253,544,1280,0,609,648,137,177,1560,0.0022,26280,/home/amos/server/media/movies/Snow White And The Three Stooges (1961)/Snow White And The Three Stooges (1961).mp4
254,544,1280,0,715,813,159,257,9604,0.0138,26572,/home/amos/server/media/movies/Snow White And The Three Stooges (1961)/Snow White And The Three Stooges (1961).mp4
255,544,1280,1,408,550,210,351,20022,0.0288,26572,/home/amos/server/media/movies/Snow White And The Three Stooges (1961)/Snow White And The Three Stooges (1961).mp4
256,544,1280,0,637,755,139,257,13924,0.02,26718,/home/amos/server/media/movies/Snow White And The Three Stooges (1961)/Snow White And The Three Stooges (1961).mp4
257,544,1280,0,673,791,139,257,13924,0.02,26864,/home/amos/server/media/movies/Snow White And The Three Stooges (1961)/Snow White And The Three Stooges (1961).mp4
258,544,1280,0,685,803,127,245,13924,0.02,27010,/home/amos/server/media/movies/Snow White And The Three Stooges (1961)/Snow White And The Three Stooges (1961).mp4
259,544,1280,0,561,600,89,129,1560,0.0022,27156,/home/amos/server/media/movies/Snow White And The Three Stooges (1961)/Snow White And The Three Stooges (1961).mp4
260,544,1280,0,534,581,62,110,2256,0.0032,27302,/home/amos/server/media/movies/Snow White And The Three Stooges (1961)/Snow White And The Three Stooges (1961).mp4
261,544,1280,0,601,640,69,109,1560,0.0022,27448,/home/amos/server/media/movies/Snow White And The Three Stooges (1961)/Snow White And The Three Stooges (1961).mp4
262,544,1280,0,541,580,77,117,1560,0.0022,27594,/home/amos/server/media/movies/Snow White And The Three Stooges (1961)/Snow White And The Three Stooges (1961).mp4
263,544,1280,1,134,191,238,295,3249,0.0047,27594,/home/amos/server/media/movies/Snow White And The Three Stooges (1961)/Snow White And The Three Stooges (1961).mp4
264,544,1280,0,565,604,85,125,1560,0.0022,27740,/home/amos/server/media/movies/Snow White And The Three Stooges (1961)/Snow White And The Three Stooges (1961).mp4
265,544,1280,0,601,648,101,148,2209,0.0032,27886,/home/amos/server/media/movies/Snow White And The Three Stooges (1961)/Snow White And The Three Stooges (1961).mp4
266,544,1280,0,625,723,89,188,9702,0.0139,28032,/home/amos/server/media/movies/Snow White And The Three Stooges (1961)/Snow White And The Three Stooges (1961).mp4
267,544,1280,0,575,657,99,181,6724,0.0097,28178,/home/amos/server/media/movies/Snow White And The Three Stooges (1961)/Snow White And The Three Stooges (1961).mp4
268,544,1280,0,360,442,165,247,6724,0.0097,28470,/home/amos/server/media/movies/Snow White And The Three Stooges (1961)/Snow White And The Three Stooges (1961).mp4
269,544,1280,1,617,699,107,189,6724,0.0097,28470,/home/amos/server/media/movies/Snow White And The Three Stooges (1961)/Snow White And The Three Stooges (1961).mp4
270,544,1280,2,766,848,190,272,6724,0.0097,28470,/home/amos/server/media/movies/Snow White And The Three Stooges (1961)/Snow White And The Three Stooges (1961).mp4
271,544,1280,0,307,405,179,277,9604,0.0138,28616,/home/amos/server/media/movies/Snow White And The Three Stooges (1961)/Snow White And The Three Stooges (1961).mp4
272,544,1280,1,521,589,116,184,4624,0.0066,28616,/home/amos/server/media/movies/Snow White And The Three Stooges (1961)/Snow White And The Three Stooges (1961).mp4
273,544,1280,2,766,848,248,330,6724,0.0097,28616,/home/amos/server/media/movies/Snow White And The Three Stooges (1961)/Snow White And The Three Stooges (1961).mp4
274,544,1280,0,293,375,207,289,6724,0.0097,28762,/home/amos/server/media/movies/Snow White And The Three Stooges (1961)/Snow White And The Three Stooges (1961).mp4
275,544,1280,1,592,674,116,198,6724,0.0097,28762,/home/amos/server/media/movies/Snow White And The Three Stooges (1961)/Snow White And The Three Stooges (1961).mp4
276,544,1280,0,327,409,199,281,6724,0.0097,28908,/home/amos/server/media/movies/Snow White And The Three Stooges (1961)/Snow White And The Three Stooges (1961).mp4
277,544,1280,1,592,674,116,198,6724,0.0097,28908,/home/amos/server/media/movies/Snow White And The Three Stooges (1961)/Snow White And The Three Stooges (1961).mp4
278,544,1280,0,649,767,175,293,13924,0.02,29054,/home/amos/server/media/movies/Snow White And The Three Stooges (1961)/Snow White And The Three Stooges (1961).mp4
279,544,1280,0,211,292,165,247,6642,0.0095,29200,/home/amos/server/media/movies/Snow White And The Three Stooges (1961)/Snow White And The Three Stooges (1961).mp4
280,544,1280,1,535,603,109,177,4624,0.0066,29200,/home/amos/server/media/movies/Snow White And The Three Stooges (1961)/Snow White And The Three Stooges (1961).mp4
281,544,1280,2,692,774,190,272,6724,0.0097,29200,/home/amos/server/media/movies/Snow White And The Three Stooges (1961)/Snow White And The Three Stooges (1961).mp4
282,544,1280,0,601,719,187,305,13924,0.02,29346,/home/amos/server/media/movies/Snow White And The Three Stooges (1961)/Snow White And The Three Stooges (1961).mp4
283,544,1280,1,874,972,239,337,9604,0.0138,29346,/home/amos/server/media/movies/Snow White And The Three Stooges (1961)/Snow White And The Three Stooges (1961).mp4
284,544,1280,2,406,504,79,178,9702,0.0139,29346,/home/amos/server/media/movies/Snow White And The Three Stooges (1961)/Snow White And The Three Stooges (1961).mp4
285,544,1280,0,595,693,199,297,9604,0.0138,29492,/home/amos/server/media/movies/Snow White And The Three Stooges (1961)/Snow White And The Three Stooges (1961).mp4
286,544,1280,1,876,994,222,340,13924,0.02,29492,/home/amos/server/media/movies/Snow White And The Three Stooges (1961)/Snow White And The Three Stooges (1961).mp4
287,544,1280,2,426,524,79,178,9702,0.0139,29492,/home/amos/server/media/movies/Snow White And The Three Stooges (1961)/Snow White And The Three Stooges (1961).mp4
288,544,1280,0,187,285,209,307,9604,0.0138,29638,/home/amos/server/media/movies/Snow White And The Three Stooges (1961)/Snow White And The Three Stooges (1961).mp4
289,544,1280,1,545,644,119,217,9702,0.0139,29638,/home/amos/server/media/movies/Snow White And The Three Stooges (1961)/Snow White And The Three Stooges (1961).mp4
290,544,1280,0,418,500,66,148,6724,0.0097,29784,/home/amos/server/media/movies/Snow White And The Three Stooges (1961)/Snow White And The Three Stooges (1961).mp4
291,544,1280,1,924,1022,239,337,9604,0.0138,29784,/home/amos/server/media/movies/Snow White And The Three Stooges (1961)/Snow White And The Three Stooges (1961).mp4
292,544,1280,2,649,767,187,305,13924,0.02,29784,/home/amos/server/media/movies/Snow White And The Three Stooges (1961)/Snow White And The Three Stooges (1961).mp4
293,544,1280,0,699,755,135,191,3136,0.0045,30076,/home/amos/server/media/movies/Snow White And The Three Stooges (1961)/Snow White And The Three Stooges (1961).mp4
294,544,1280,1,929,997,206,274,4624,0.0066,30076,/home/amos/server/media/movies/Snow White And The Three Stooges (1961)/Snow White And The Three Stooges (1961).mp4
295,544,1280,0,745,802,140,197,3249,0.0047,30222,/home/amos/server/media/movies/Snow White And The Three Stooges (1961)/Snow White And The Three Stooges (1961).mp4
296,544,1280,1,932,1014,165,247,6724,0.0097,30222,/home/amos/server/media/movies/Snow White And The Three Stooges (1961)/Snow White And The Three Stooges (1961).mp4
297,544,1280,2,244,326,165,247,6724,0.0097,30222,/home/amos/server/media/movies/Snow White And The Three Stooges (1961)/Snow White And The Three Stooges (1961).mp4
298,544,1280,3,476,558,124,206,6724,0.0097,30222,/home/amos/server/media/movies/Snow White And The Three Stooges (1961)/Snow White And The Three Stooges (1961).mp4
299,544,1280,0,881,1023,124,265,20022,0.0288,30368,/home/amos/server/media/movies/Snow White And The Three Stooges (1961)/Snow White And The Three Stooges (1961).mp4
300,544,1280,1,207,305,159,257,9604,0.0138,30368,/home/amos/server/media/movies/Snow White And The Three Stooges (1961)/Snow White And The Three Stooges (1961).mp4
301,544,1280,2,705,803,109,208,9702,0.0139,30368,/home/amos/server/media/movies/Snow White And The Three Stooges (1961)/Snow White And The Three Stooges (1961).mp4
302,544,1280,0,708,790,116,198,6724,0.0097,30514,/home/amos/server/media/movies/Snow White And The Three Stooges (1961)/Snow White And The Three Stooges (1961).mp4
303,544,1280,1,963,1031,164,233,4692,0.0067,30514,/home/amos/server/media/movies/Snow White And The Three Stooges (1961)/Snow White And The Three Stooges (1961).mp4
304,544,1280,2,227,309,157,239,6724,0.0097,30514,/home/amos/server/media/movies/Snow White And The Three Stooges (1961)/Snow White And The Three Stooges (1961).mp4
305,544,1280,3,484,566,116,198,6724,0.0097,30514,/home/amos/server/media/movies/Snow White And The Three Stooges (1961)/Snow White And The Three Stooges (1961).mp4
306,544,1280,0,750,807,140,197,3249,0.0047,30660,/home/amos/server/media/movies/Snow White And The Three Stooges (1961)/Snow White And The Three Stooges (1961).mp4
307,544,1280,1,227,309,157,239,6724,0.0097,30660,/home/amos/server/media/movies/Snow White And The Three Stooges (1961)/Snow White And The Three Stooges (1961).mp4
308,544,1280,2,493,574,124,206,6642,0.0095,30660,/home/amos/server/media/movies/Snow White And The Three Stooges (1961)/Snow White And The Three Stooges (1961).mp4
309,544,1280,3,922,990,171,240,4692,0.0067,30660,/home/amos/server/media/movies/Snow White And The Three Stooges (1961)/Snow White And The Three Stooges (1961).mp4
310,544,1280,0,577,624,187,234,2209,0.0032,30806,/home/amos/server/media/movies/Snow White And The Three Stooges (1961)/Snow White And The Three Stooges (1961).mp4
311,544,1280,1,689,728,169,209,1560,0.0022,30806,/home/amos/server/media/movies/Snow White And The Three Stooges (1961)/Snow White And The Three Stooges (1961).mp4
312,544,1280,0,791,873,141,222,6642,0.0095,31098,/home/amos/server/media/movies/Snow White And The Three Stooges (1961)/Snow White And The Three Stooges (1961).mp4
313,544,1280,1,393,475,165,247,6724,0.0097,31098,/home/amos/server/media/movies/Snow White And The Three Stooges (1961)/Snow White And The Three Stooges (1961).mp4
314,544,1280,0,113,152,65,105,1560,0.0022,31244,/home/amos/server/media/movies/Snow White And The Three Stooges (1961)/Snow White And The Three Stooges (1961).mp4
315,544,1280,1,866,922,77,134,3192,0.0046,31244,/home/amos/server/media/movies/Snow White And The Three Stooges (1961)/Snow White And The Three Stooges (1961).mp4
316,544,1280,2,1093,1132,73,113,1560,0.0022,31244,/home/amos/server/media/movies/Snow White And The Three Stooges (1961)/Snow White And The Three Stooges (1961).mp4
317,544,1280,3,37,105,164,233,4692,0.0067,31244,/home/amos/server/media/movies/Snow White And The Three Stooges (1961)/Snow White And The Three Stooges (1961).mp4
318,544,1280,4,491,538,91,138,2209,0.0032,31244,/home/amos/server/media/movies/Snow White And The Three Stooges (1961)/Snow White And The Three Stooges (1961).mp4
319,544,1280,5,1046,1114,123,191,4624,0.0066,31244,/home/amos/server/media/movies/Snow White And The Three Stooges (1961)/Snow White And The Three Stooges (1961).mp4
320,544,1280,6,210,278,185,253,4624,0.0066,31244,/home/amos/server/media/movies/Snow White And The Three Stooges (1961)/Snow White And The Three Stooges (1961).mp4
321,544,1280,7,548,617,171,240,4761,0.0068,31244,/home/amos/server/media/movies/Snow White And The Three Stooges (1961)/Snow White And The Three Stooges (1961).mp4
322,544,1280,8,1163,1210,77,124,2209,0.0032,31244,/home/amos/server/media/movies/Snow White And The Three Stooges (1961)/Snow White And The Three Stooges (1961).mp4
323,544,1280,9,618,675,186,243,3249,0.0047,31244,/home/amos/server/media/movies/Snow White And The Three Stooges (1961)/Snow White And The Three Stooges (1961).mp4
324,544,1280,10,165,204,169,209,1560,0.0022,31244,/home/amos/server/media/movies/Snow White And The Three Stooges (1961)/Snow White And The Three Stooges (1961).mp4
325,544,1280,11,668,716,86,134,2304,0.0033,31244,/home/amos/server/media/movies/Snow White And The Three Stooges (1961)/Snow White And The Three Stooges (1961).mp4
326,544,1280,12,173,212,49,89,1560,0.0022,31244,/home/amos/server/media/movies/Snow White And The Three Stooges (1961)/Snow White And The Three Stooges (1961).mp4
327,544,1280,13,932,980,72,119,2256,0.0032,31244,/home/amos/server/media/movies/Snow White And The Three Stooges (1961)/Snow White And The Three Stooges (1961).mp4
328,544,1280,14,804,872,171,240,4692,0.0067,31244,/home/amos/server/media/movies/Snow White And The Three Stooges (1961)/Snow White And The Three Stooges (1961).mp4
329,544,1280,15,589,628,105,145,1560,0.0022,31244,/home/amos/server/media/movies/Snow White And The Three Stooges (1961)/Snow White And The Three Stooges (1961).mp4
330,544,1280,16,1221,1260,93,133,1560,0.0022,31244,/home/amos/server/media/movies/Snow White And The Three Stooges (1961)/Snow White And The Three Stooges (1961).mp4
331,544,1280,17,369,437,102,170,4624,0.0066,31244,/home/amos/server/media/movies/Snow White And The Three Stooges (1961)/Snow White And The Three Stooges (1961).mp4
332,544,1280,18,0,39,77,124,1833,0.0026,31244,/home/amos/server/media/movies/Snow White And The Three Stooges (1961)/Snow White And The Three Stooges (1961).mp4
333,544,1280,0,717,798,157,239,6642,0.0095,31390,/home/amos/server/media/movies/Snow White And The Three Stooges (1961)/Snow White And The Three Stooges (1961).mp4
334,544,1280,1,410,492,174,256,6724,0.0097,31390,/home/amos/server/media/movies/Snow White And The Three Stooges (1961)/Snow White And The Three Stooges (1961).mp4
335,544,1280,0,1011,1080,109,177,4692,0.0067,31536,/home/amos/server/media/movies/Snow White And The Three Stooges (1961)/Snow White And The Three Stooges (1961).mp4
336,544,1280,1,567,649,174,256,6724,0.0097,31536,/home/amos/server/media/movies/Snow White And The Three Stooges (1961)/Snow White And The Three Stooges (1961).mp4
337,544,1280,2,1119,1167,72,119,2256,0.0032,31536,/home/amos/server/media/movies/Snow White And The Three Stooges (1961)/Snow White And The Three Stooges (1961).mp4
338,544,1280,3,639,687,182,230,2304,0.0033,31536,/home/amos/server/media/movies/Snow White And The Three Stooges (1961)/Snow White And The Three Stooges (1961).mp4
339,544,1280,4,215,272,215,272,3249,0.0047,31536,/home/amos/server/media/movies/Snow White And The Three Stooges (1961)/Snow White And The Three Stooges (1961).mp4
340,544,1280,5,1205,1262,117,174,3249,0.0047,31536,/home/amos/server/media/movies/Snow White And The Three Stooges (1961)/Snow White And The Three Stooges (1961).mp4
341,544,1280,6,802,859,77,134,3249,0.0047,31536,/home/amos/server/media/movies/Snow White And The Three Stooges (1961)/Snow White And The Three Stooges (1961).mp4
342,544,1280,7,932,980,67,114,2256,0.0032,31536,/home/amos/server/media/movies/Snow White And The Three Stooges (1961)/Snow White And The Three Stooges (1961).mp4
343,544,1280,8,486,533,96,143,2209,0.0032,31536,/home/amos/server/media/movies/Snow White And The Three Stooges (1961)/Snow White And The Three Stooges (1961).mp4
344,544,1280,9,278,335,117,174,3249,0.0047,31536,/home/amos/server/media/movies/Snow White And The Three Stooges (1961)/Snow White And The Three Stooges (1961).mp4
345,544,1280,10,48,105,192,249,3249,0.0047,31536,/home/amos/server/media/movies/Snow White And The Three Stooges (1961)/Snow White And The Three Stooges (1961).mp4
346,544,1280,11,140,188,67,114,2256,0.0032,31536,/home/amos/server/media/movies/Snow White And The Three Stooges (1961)/Snow White And The Three Stooges (1961).mp4
347,544,1280,12,159,207,173,220,2256,0.0032,31536,/home/amos/server/media/movies/Snow White And The Three Stooges (1961)/Snow White And The Three Stooges (1961).mp4
348,544,1280,13,565,604,101,141,1560,0.0022,31536,/home/amos/server/media/movies/Snow White And The Three Stooges (1961)/Snow White And The Three Stooges (1961).mp4
349,544,1280,0,725,823,139,237,9604,0.0138,31682,/home/amos/server/media/movies/Snow White And The Three Stooges (1961)/Snow White And The Three Stooges (1961).mp4
350,544,1280,1,466,564,169,267,9604,0.0138,31682,/home/amos/server/media/movies/Snow White And The Three Stooges (1961)/Snow White And The Three Stooges (1961).mp4
351,544,1280,0,754,853,109,208,9801,0.0141,31828,/home/amos/server/media/movies/Snow White And The Three Stooges (1961)/Snow White And The Three Stooges (1961).mp4
352,544,1280,1,426,524,149,247,9604,0.0138,31828,/home/amos/server/media/movies/Snow White And The Three Stooges (1961)/Snow White And The Three Stooges (1961).mp4
353,544,1280,0,30,98,88,157,4692,0.0067,31974,/home/amos/server/media/movies/Snow White And The Three Stooges (1961)/Snow White And The Three Stooges (1961).mp4
354,544,1280,1,537,679,153,294,20022,0.0288,31974,/home/amos/server/media/movies/Snow White And The Three Stooges (1961)/Snow White And The Three Stooges (1961).mp4
355,544,1280,2,894,962,0,53,3604,0.0052,31974,/home/amos/server/media/movies/Snow White And The Three Stooges (1961)/Snow White And The Three Stooges (1961).mp4
356,544,1280,3,685,783,159,257,9604,0.0138,31974,/home/amos/server/media/movies/Snow White And The Three Stooges (1961)/Snow White And The Three Stooges (1961).mp4
357,544,1280,4,742,810,5,74,4692,0.0067,31974,/home/amos/server/media/movies/Snow White And The Three Stooges (1961)/Snow White And The Three Stooges (1961).mp4
358,544,1280,5,393,475,33,115,6724,0.0097,31974,/home/amos/server/media/movies/Snow White And The Three Stooges (1961)/Snow White And The Three Stooges (1961).mp4
359,544,1280,6,28,126,229,327,9604,0.0138,31974,/home/amos/server/media/movies/Snow White And The Three Stooges (1961)/Snow White And The Three Stooges (1961).mp4
360,544,1280,7,491,548,48,105,3249,0.0047,31974,/home/amos/server/media/movies/Snow White And The Three Stooges (1961)/Snow White And The Three Stooges (1961).mp4
361,544,1280,8,342,389,38,86,2256,0.0032,31974,/home/amos/server/media/movies/Snow White And The Three Stooges (1961)/Snow White And The Three Stooges (1961).mp4
362,544,1280,9,1103,1201,0,98,9604,0.0138,31974,/home/amos/server/media/movies/Snow White And The Three Stooges (1961)/Snow White And The Three Stooges (1961).mp4
363,544,1280,10,973,1072,189,287,9702,0.0139,31974,/home/amos/server/media/movies/Snow White And The Three Stooges (1961)/Snow White And The Three Stooges (1961).mp4
364,544,1280,0,756,824,247,316,4692,0.0067,32120,/home/amos/server/media/movies/Snow White And The Three Stooges (1961)/Snow White And The Three Stooges (1961).mp4
365,544,1280,1,652,709,186,243,3249,0.0047,32120,/home/amos/server/media/movies/Snow White And The Three Stooges (1961)/Snow White And The Three Stooges (1961).mp4
366,544,1280,0,438,506,137,205,4624,0.0066,32266,/home/amos/server/media/movies/Snow White And The Three Stooges (1961)/Snow White And The Three Stooges (1961).mp4
367,544,1280,1,783,852,137,205,4692,0.0067,32266,/home/amos/server/media/movies/Snow White And The Three Stooges (1961)/Snow White And The Three Stooges (1961).mp4
368,544,1280,2,635,692,152,209,3249,0.0047,32266,/home/amos/server/media/movies/Snow White And The Three Stooges (1961)/Snow White And The Three Stooges (1961).mp4
369,544,1280,0,51,119,54,122,4624,0.0066,32412,/home/amos/server/media/movies/Snow White And The Three Stooges (1961)/Snow White And The Three Stooges (1961).mp4
370,544,1280,1,207,305,298,397,9702,0.0139,32412,/home/amos/server/media/movies/Snow White And The Three Stooges (1961)/Snow White And The Three Stooges (1961).mp4
371,544,1280,2,804,903,268,367,9801,0.0141,32412,/home/amos/server/media/movies/Snow White And The Three Stooges (1961)/Snow White And The Three Stooges (1961).mp4
372,544,1280,3,53,135,248,330,6724,0.0097,32412,/home/amos/server/media/movies/Snow White And The Three Stooges (1961)/Snow White And The Three Stooges (1961).mp4
373,544,1280,4,1033,1090,106,163,3249,0.0047,32412,/home/amos/server/media/movies/Snow White And The Three Stooges (1961)/Snow White And The Three Stooges (1961).mp4
374,544,1280,5,327,395,68,136,4624,0.0066,32412,/home/amos/server/media/movies/Snow White And The Three Stooges (1961)/Snow White And The Three Stooges (1961).mp4
375,544,1280,6,1173,1255,124,206,6724,0.0097,32412,/home/amos/server/media/movies/Snow White And The Three Stooges (1961)/Snow White And The Three Stooges (1961).mp4
376,544,1280,7,638,706,144,212,4624,0.0066,32412,/home/amos/server/media/movies/Snow White And The Three Stooges (1961)/Snow White And The Three Stooges (1961).mp4
377,544,1280,8,770,838,130,198,4624,0.0066,32412,/home/amos/server/media/movies/Snow White And The Three Stooges (1961)/Snow White And The Three Stooges (1961).mp4
378,544,1280,9,279,347,213,281,4624,0.0066,32412,/home/amos/server/media/movies/Snow White And The Three Stooges (1961)/Snow White And The Three Stooges (1961).mp4
379,544,1280,10,23,91,137,205,4624,0.0066,32412,/home/amos/server/media/movies/Snow White And The Three Stooges (1961)/Snow White And The Three Stooges (1961).mp4
380,544,1280,11,409,448,93,133,1560,0.0022,32412,/home/amos/server/media/movies/Snow White And The Three Stooges (1961)/Snow White And The Three Stooges (1961).mp4
381,544,1280,12,1079,1197,246,364,13924,0.02,32412,/home/amos/server/media/movies/Snow White And The Three Stooges (1961)/Snow White And The Three Stooges (1961).mp4
382,544,1280,13,553,671,127,245,13924,0.02,32412,/home/amos/server/media/movies/Snow White And The Three Stooges (1961)/Snow White And The Three Stooges (1961).mp4
383,544,1280,14,145,184,81,121,1560,0.0022,32412,/home/amos/server/media/movies/Snow White And The Three Stooges (1961)/Snow White And The Three Stooges (1961).mp4
384,544,1280,15,870,917,105,153,2256,0.0032,32412,/home/amos/server/media/movies/Snow White And The Three Stooges (1961)/Snow White And The Three Stooges (1961).mp4
385,544,1280,0,362,430,137,205,4624,0.0066,32558,/home/amos/server/media/movies/Snow White And The Three Stooges (1961)/Snow White And The Three Stooges (1961).mp4
386,544,1280,1,612,669,146,203,3249,0.0047,32558,/home/amos/server/media/movies/Snow White And The Three Stooges (1961)/Snow White And The Three Stooges (1961).mp4
387,544,1280,2,791,848,152,209,3249,0.0047,32558,/home/amos/server/media/movies/Snow White And The Three Stooges (1961)/Snow White And The Three Stooges (1961).mp4
388,544,1280,3,1094,1163,406,475,4761,0.0068,32558,/home/amos/server/media/movies/Snow White And The Three Stooges (1961)/Snow White And The Three Stooges (1961).mp4
389,544,1280,0,617,686,144,212,4692,0.0067,32704,/home/amos/server/media/movies/Snow White And The Three Stooges (1961)/Snow White And The Three Stooges (1961).mp4
390,544,1280,1,341,409,137,205,4624,0.0066,32704,/home/amos/server/media/movies/Snow White And The Three Stooges (1961)/Snow White And The Three Stooges (1961).mp4
391,544,1280,2,818,886,144,212,4624,0.0066,32704,/home/amos/server/media/movies/Snow White And The Three Stooges (1961)/Snow White And The Three Stooges (1961).mp4
392,544,1280,0,852,921,151,219,4692,0.0067,32850,/home/amos/server/media/movies/Snow White And The Three Stooges (1961)/Snow White And The Three Stooges (1961).mp4
393,544,1280,1,560,617,152,209,3249,0.0047,32850,/home/amos/server/media/movies/Snow White And The Three Stooges (1961)/Snow White And The Three Stooges (1961).mp4
394,544,1280,2,434,490,152,209,3192,0.0046,32850,/home/amos/server/media/movies/Snow White And The Three Stooges (1961)/Snow White And The Three Stooges (1961).mp4
395,544,1280,0,866,935,185,253,4692,0.0067,32996,/home/amos/server/media/movies/Snow White And The Three Stooges (1961)/Snow White And The Three Stooges (1961).mp4
396,544,1280,1,676,732,140,197,3192,0.0046,32996,/home/amos/server/media/movies/Snow White And The Three Stooges (1961)/Snow White And The Three Stooges (1961).mp4
397,544,1280,0,797,865,164,233,4692,0.0067,33142,/home/amos/server/media/movies/Snow White And The Three Stooges (1961)/Snow White And The Three Stooges (1961).mp4
398,544,1280,1,301,358,146,203,3249,0.0047,33142,/home/amos/server/media/movies/Snow White And The Three Stooges (1961)/Snow White And The Three Stooges (1961).mp4
399,544,1280,2,576,644,171,240,4692,0.0067,33142,/home/amos/server/media/movies/Snow White And The Three Stooges (1961)/Snow White And The Three Stooges (1961).mp4
400,544,1280,0,348,416,137,205,4624,0.0066,33288,/home/amos/server/media/movies/Snow White And The Three Stooges (1961)/Snow White And The Three Stooges (1961).mp4
401,544,1280,1,776,845,144,212,4692,0.0067,33288,/home/amos/server/media/movies/Snow White And The Three Stooges (1961)/Snow White And The Three Stooges (1961).mp4
402,544,1280,2,589,646,158,215,3249,0.0047,33288,/home/amos/server/media/movies/Snow White And The Three Stooges (1961)/Snow White And The Three Stooges (1961).mp4
403,544,1280,0,293,375,165,247,6724,0.0097,33434,/home/amos/server/media/movies/Snow White And The Three Stooges (1961)/Snow White And The Three Stooges (1961).mp4
404,544,1280,1,526,583,198,255,3249,0.0047,33434,/home/amos/server/media/movies/Snow White And The Three Stooges (1961)/Snow White And The Three Stooges (1961).mp4
405,544,1280,2,707,776,144,212,4692,0.0067,33434,/home/amos/server/media/movies/Snow White And The Three Stooges (1961)/Snow White And The Three Stooges (1961).mp4
406,544,1280,0,485,524,169,209,1560,0.0022,33580,/home/amos/server/media/movies/Snow White And The Three Stooges (1961)/Snow White And The Three Stooges (1961).mp4
407,544,1280,0,534,581,312,359,2209,0.0032,33872,/home/amos/server/media/movies/Snow White And The Three Stooges (1961)/Snow White And The Three Stooges (1961).mp4
408,544,1280,0,541,610,137,205,4692,0.0067,34310,/home/amos/server/media/movies/Snow White And The Three Stooges (1961)/Snow White And The Three Stooges (1961).mp4
409,544,1280,0,597,665,109,177,4624,0.0066,34748,/home/amos/server/media/movies/Snow White And The Three Stooges (1961)/Snow White And The Three Stooges (1961).mp4
410,544,1280,1,324,381,204,261,3249,0.0047,34748,/home/amos/server/media/movies/Snow White And The Three Stooges (1961)/Snow White And The Three Stooges (1961).mp4
411,544,1280,0,900,957,227,284,3249,0.0047,34894,/home/amos/server/media/movies/Snow White And The Three Stooges (1961)/Snow White And The Three Stooges (1961).mp4
412,544,1280,0,541,580,409,449,1560,0.0022,35478,/home/amos/server/media/movies/Snow White And The Three Stooges (1961)/Snow White And The Three Stooges (1961).mp4
413,544,1280,0,615,663,144,191,2256,0.0032,35770,/home/amos/server/media/movies/Snow White And The Three Stooges (1961)/Snow White And The Three Stooges (1961).mp4
414,544,1280,0,649,696,355,402,2209,0.0032,36354,/home/amos/server/media/movies/Snow White And The Three Stooges (1961)/Snow White And The Three Stooges (1961).mp4
415,544,1280,1,583,651,151,219,4624,0.0066,36354,/home/amos/server/media/movies/Snow White And The Three Stooges (1961)/Snow White And The Three Stooges (1961).mp4
416,544,1280,0,649,696,355,402,2209,0.0032,36500,/home/amos/server/media/movies/Snow White And The Three Stooges (1961)/Snow White And The Three Stooges (1961).mp4
417,544,1280,1,559,641,174,256,6724,0.0097,36500,/home/amos/server/media/movies/Snow White And The Three Stooges (1961)/Snow White And The Three Stooges (1961).mp4
418,544,1280,2,382,451,151,219,4692,0.0067,36500,/home/amos/server/media/movies/Snow White And The Three Stooges (1961)/Snow White And The Three Stooges (1961).mp4
419,544,1280,0,644,692,355,402,2256,0.0032,36646,/home/amos/server/media/movies/Snow White And The Three Stooges (1961)/Snow White And The Three Stooges (1961).mp4
420,544,1280,1,368,450,132,214,6724,0.0097,36646,/home/amos/server/media/movies/Snow White And The Three Stooges (1961)/Snow White And The Three Stooges (1961).mp4
421,544,1280,0,562,630,206,274,4624,0.0066,36792,/home/amos/server/media/movies/Snow White And The Three Stooges (1961)/Snow White And The Three Stooges (1961).mp4
422,544,1280,1,376,444,157,226,4692,0.0067,36792,/home/amos/server/media/movies/Snow White And The Three Stooges (1961)/Snow White And The Three Stooges (1961).mp4
423,544,1280,2,654,701,340,388,2256,0.0032,36792,/home/amos/server/media/movies/Snow White And The Three Stooges (1961)/Snow White And The Three Stooges (1961).mp4
424,544,1280,0,376,458,132,214,6724,0.0097,36938,/home/amos/server/media/movies/Snow White And The Three Stooges (1961)/Snow White And The Three Stooges (1961).mp4
425,544,1280,1,567,649,190,272,6724,0.0097,36938,/home/amos/server/media/movies/Snow White And The Three Stooges (1961)/Snow White And The Three Stooges (1961).mp4
426,544,1280,2,749,817,157,226,4692,0.0067,36938,/home/amos/server/media/movies/Snow White And The Three Stooges (1961)/Snow White And The Three Stooges (1961).mp4
427,544,1280,3,654,701,345,393,2256,0.0032,36938,/home/amos/server/media/movies/Snow White And The Three Stooges (1961)/Snow White And The Three Stooges (1961).mp4
428,544,1280,0,465,710,141,385,59780,0.0859,37084,/home/amos/server/media/movies/Snow White And The Three Stooges (1961)/Snow White And The Three Stooges (1961).mp4
429,544,1280,0,519,723,179,383,41616,0.0598,37230,/home/amos/server/media/movies/Snow White And The Three Stooges (1961)/Snow White And The Three Stooges (1961).mp4
430,544,1280,0,337,478,167,308,19881,0.0286,37376,/home/amos/server/media/movies/Snow White And The Three Stooges (1961)/Snow White And The Three Stooges (1961).mp4
431,544,1280,1,724,865,138,280,20022,0.0288,37376,/home/amos/server/media/movies/Snow White And The Three Stooges (1961)/Snow White And The Three Stooges (1961).mp4
432,544,1280,0,490,735,141,385,59780,0.0859,37522,/home/amos/server/media/movies/Snow White And The Three Stooges (1961)/Snow White And The Three Stooges (1961).mp4
433,544,1280,0,724,865,153,294,19881,0.0286,37668,/home/amos/server/media/movies/Snow White And The Three Stooges (1961)/Snow White And The Three Stooges (1961).mp4
434,544,1280,1,303,473,177,347,28900,0.0415,37668,/home/amos/server/media/movies/Snow White And The Three Stooges (1961)/Snow White And The Three Stooges (1961).mp4
435,544,1280,0,724,865,138,280,20022,0.0288,37814,/home/amos/server/media/movies/Snow White And The Three Stooges (1961)/Snow White And The Three Stooges (1961).mp4
436,544,1280,1,337,478,153,294,19881,0.0286,37814,/home/amos/server/media/movies/Snow White And The Three Stooges (1961)/Snow White And The Three Stooges (1961).mp4
437,544,1280,0,465,710,141,385,59780,0.0859,37960,/home/amos/server/media/movies/Snow White And The Three Stooges (1961)/Snow White And The Three Stooges (1961).mp4
438,544,1280,0,559,641,157,239,6724,0.0097,38106,/home/amos/server/media/movies/Snow White And The Three Stooges (1961)/Snow White And The Three Stooges (1961).mp4
439,544,1280,1,735,803,123,191,4624,0.0066,38106,/home/amos/server/media/movies/Snow White And The Three Stooges (1961)/Snow White And The Three Stooges (1961).mp4
440,544,1280,2,376,444,116,184,4624,0.0066,38106,/home/amos/server/media/movies/Snow White And The Three Stooges (1961)/Snow White And The Three Stooges (1961).mp4
441,544,1280,3,649,696,340,388,2256,0.0032,38106,/home/amos/server/media/movies/Snow White And The Three Stooges (1961)/Snow White And The Three Stooges (1961).mp4
442,544,1280,0,401,483,149,231,6724,0.0097,38252,/home/amos/server/media/movies/Snow White And The Three Stooges (1961)/Snow White And The Three Stooges (1961).mp4
443,544,1280,1,562,630,157,226,4692,0.0067,38252,/home/amos/server/media/movies/Snow White And The Three Stooges (1961)/Snow White And The Three Stooges (1961).mp4
444,544,1280,0,912,1030,139,257,13924,0.02,38398,/home/amos/server/media/movies/Snow White And The Three Stooges (1961)/Snow White And The Three Stooges (1961).mp4
445,544,1280,1,725,823,129,227,9604,0.0138,38398,/home/amos/server/media/movies/Snow White And The Three Stooges (1961)/Snow White And The Three Stooges (1961).mp4
446,544,1280,2,219,337,151,269,13924,0.02,38398,/home/amos/server/media/movies/Snow White And The Three Stooges (1961)/Snow White And The Three Stooges (1961).mp4
447,544,1280,0,940,1022,165,247,6724,0.0097,38544,/home/amos/server/media/movies/Snow White And The Three Stooges (1961)/Snow White And The Three Stooges (1961).mp4
448,544,1280,1,733,815,116,198,6724,0.0097,38544,/home/amos/server/media/movies/Snow White And The Three Stooges (1961)/Snow White And The Three Stooges (1961).mp4
449,544,1280,2,501,583,124,206,6724,0.0097,38544,/home/amos/server/media/movies/Snow White And The Three Stooges (1961)/Snow White And The Three Stooges (1961).mp4
450,544,1280,0,207,305,159,257,9604,0.0138,38690,/home/amos/server/media/movies/Snow White And The Three Stooges (1961)/Snow White And The Three Stooges (1961).mp4
451,544,1280,1,695,793,139,237,9604,0.0138,38690,/home/amos/server/media/movies/Snow White And The Three Stooges (1961)/Snow White And The Three Stooges (1961).mp4
452,544,1280,0,876,994,163,281,13924,0.02,38836,/home/amos/server/media/movies/Snow White And The Three Stooges (1961)/Snow White And The Three Stooges (1961).mp4
453,544,1280,1,673,791,103,221,13924,0.02,38836,/home/amos/server/media/movies/Snow White And The Three Stooges (1961)/Snow White And The Three Stooges (1961).mp4
454,544,1280,2,187,285,139,237,9604,0.0138,38836,/home/amos/server/media/movies/Snow White And The Three Stooges (1961)/Snow White And The Three Stooges (1961).mp4
455,544,1280,0,762,819,140,197,3249,0.0047,38982,/home/amos/server/media/movies/Snow White And The Three Stooges (1961)/Snow White And The Three Stooges (1961).mp4
456,544,1280,1,970,1038,171,240,4692,0.0067,38982,/home/amos/server/media/movies/Snow White And The Three Stooges (1961)/Snow White And The Three Stooges (1961).mp4
457,544,1280,2,247,345,199,297,9604,0.0138,38982,/home/amos/server/media/movies/Snow White And The Three Stooges (1961)/Snow White And The Three Stooges (1961).mp4
458,544,1280,0,843,899,146,203,3192,0.0046,39128,/home/amos/server/media/movies/Snow White And The Three Stooges (1961)/Snow White And The Three Stooges (1961).mp4
459,544,1280,1,977,1045,171,240,4692,0.0067,39128,/home/amos/server/media/movies/Snow White And The Three Stooges (1961)/Snow White And The Three Stooges (1961).mp4
460,544,1280,2,555,624,144,212,4692,0.0067,39128,/home/amos/server/media/movies/Snow White And The Three Stooges (1961)/Snow White And The Three Stooges (1961).mp4
461,544,1280,0,567,649,248,330,6724,0.0097,39274,/home/amos/server/media/movies/Snow White And The Three Stooges (1961)/Snow White And The Three Stooges (1961).mp4
462,544,1280,1,187,285,308,407,9702,0.0139,39274,/home/amos/server/media/movies/Snow White And The Three Stooges (1961)/Snow White And The Three Stooges (1961).mp4
463,544,1280,2,742,810,220,288,4624,0.0066,39274,/home/amos/server/media/movies/Snow White And The Three Stooges (1961)/Snow White And The Three Stooges (1961).mp4
464,544,1280,0,658,740,132,214,6724,0.0097,39420,/home/amos/server/media/movies/Snow White And The Three Stooges (1961)/Snow White And The Three Stooges (1961).mp4
465,544,1280,1,744,843,239,337,9702,0.0139,39420,/home/amos/server/media/movies/Snow White And The Three Stooges (1961)/Snow White And The Three Stooges (1961).mp4
466,544,1280,2,482,600,211,328,13806,0.0198,39420,/home/amos/server/media/movies/Snow White And The Three Stooges (1961)/Snow White And The Three Stooges (1961).mp4
467,544,1280,0,759,807,101,148,2256,0.0032,39566,/home/amos/server/media/movies/Snow White And The Three Stooges (1961)/Snow White And The Three Stooges (1961).mp4
468,544,1280,1,618,675,175,232,3249,0.0047,39566,/home/amos/server/media/movies/Snow White And The Three Stooges (1961)/Snow White And The Three Stooges (1961).mp4
469,544,1280,2,334,402,323,392,4692,0.0067,39566,/home/amos/server/media/movies/Snow White And The Three Stooges (1961)/Snow White And The Three Stooges (1961).mp4
470,544,1280,3,846,893,187,234,2209,0.0032,39566,/home/amos/server/media/movies/Snow White And The Three Stooges (1961)/Snow White And The Three Stooges (1961).mp4
471,544,1280,0,446,544,209,307,9604,0.0138,39712,/home/amos/server/media/movies/Snow White And The Three Stooges (1961)/Snow White And The Three Stooges (1961).mp4
472,544,1280,1,590,658,109,177,4624,0.0066,39712,/home/amos/server/media/movies/Snow White And The Three Stooges (1961)/Snow White And The Three Stooges (1961).mp4
473,544,1280,0,551,633,116,198,6724,0.0097,39858,/home/amos/server/media/movies/Snow White And The Three Stooges (1961)/Snow White And The Three Stooges (1961).mp4
474,544,1280,0,652,709,158,215,3249,0.0047,40296,/home/amos/server/media/movies/Snow White And The Three Stooges (1961)/Snow White And The Three Stooges (1961).mp4
475,544,1280,0,692,740,163,210,2256,0.0032,40442,/home/amos/server/media/movies/Snow White And The Three Stooges (1961)/Snow White And The Three Stooges (1961).mp4
476,544,1280,0,692,740,168,215,2256,0.0032,40588,/home/amos/server/media/movies/Snow White And The Three Stooges (1961)/Snow White And The Three Stooges (1961).mp4
477,544,1280,0,416,473,158,215,3249,0.0047,40734,/home/amos/server/media/movies/Snow White And The Three Stooges (1961)/Snow White And The Three Stooges (1961).mp4
478,544,1280,0,476,558,248,330,6724,0.0097,41172,/home/amos/server/media/movies/Snow White And The Three Stooges (1961)/Snow White And The Three Stooges (1961).mp4
479,544,1280,0,468,550,257,339,6724,0.0097,41318,/home/amos/server/media/movies/Snow White And The Three Stooges (1961)/Snow White And The Three Stooges (1961).mp4
480,544,1280,0,476,558,240,322,6724,0.0097,41464,/home/amos/server/media/movies/Snow White And The Three Stooges (1961)/Snow White And The Three Stooges (1961).mp4
481,544,1280,0,468,550,240,322,6724,0.0097,41610,/home/amos/server/media/movies/Snow White And The Three Stooges (1961)/Snow White And The Three Stooges (1961).mp4
482,544,1280,0,459,541,240,322,6724,0.0097,41756,/home/amos/server/media/movies/Snow White And The Three Stooges (1961)/Snow White And The Three Stooges (1961).mp4
483,544,1280,0,456,554,229,327,9604,0.0138,41902,/home/amos/server/media/movies/Snow White And The Three Stooges (1961)/Snow White And The Three Stooges (1961).mp4
484,544,1280,0,459,541,232,314,6724,0.0097,42048,/home/amos/server/media/movies/Snow White And The Three Stooges (1961)/Snow White And The Three Stooges (1961).mp4
485,544,1280,0,456,554,219,317,9604,0.0138,42194,/home/amos/server/media/movies/Snow White And The Three Stooges (1961)/Snow White And The Three Stooges (1961).mp4
486,544,1280,0,434,552,211,328,13806,0.0198,42340,/home/amos/server/media/movies/Snow White And The Three Stooges (1961)/Snow White And The Three Stooges (1961).mp4
487,544,1280,0,434,552,199,317,13924,0.02,42486,/home/amos/server/media/movies/Snow White And The Three Stooges (1961)/Snow White And The Three Stooges (1961).mp4
488,544,1280,0,446,564,187,305,13924,0.02,42632,/home/amos/server/media/movies/Snow White And The Three Stooges (1961)/Snow White And The Three Stooges (1961).mp4
489,544,1280,0,437,578,181,323,20022,0.0288,42778,/home/amos/server/media/movies/Snow White And The Three Stooges (1961)/Snow White And The Three Stooges (1961).mp4
490,544,1280,0,451,593,181,323,20164,0.029,42924,/home/amos/server/media/movies/Snow White And The Three Stooges (1961)/Snow White And The Three Stooges (1961).mp4
491,544,1280,0,424,594,160,330,28900,0.0415,43070,/home/amos/server/media/movies/Snow White And The Three Stooges (1961)/Snow White And The Three Stooges (1961).mp4
492,544,1280,0,451,593,224,366,20164,0.029,43216,/home/amos/server/media/movies/Snow White And The Three Stooges (1961)/Snow White And The Three Stooges (1961).mp4
493,544,1280,0,416,620,138,342,41616,0.0598,43362,/home/amos/server/media/movies/Snow White And The Three Stooges (1961)/Snow White And The Three Stooges (1961).mp4
494,544,1280,0,437,640,138,342,41412,0.0595,43508,/home/amos/server/media/movies/Snow White And The Three Stooges (1961)/Snow White And The Three Stooges (1961).mp4
495,544,1280,0,457,661,138,342,41616,0.0598,43654,/home/amos/server/media/movies/Snow White And The Three Stooges (1961)/Snow White And The Three Stooges (1961).mp4
496,544,1280,0,510,680,194,364,28900,0.0415,43800,/home/amos/server/media/movies/Snow White And The Three Stooges (1961)/Snow White And The Three Stooges (1961).mp4
497,544,1280,0,478,682,138,342,41616,0.0598,43946,/home/amos/server/media/movies/Snow White And The Three Stooges (1961)/Snow White And The Three Stooges (1961).mp4
498,544,1280,0,877,916,185,225,1560,0.0022,44238,/home/amos/server/media/movies/Snow White And The Three Stooges (1961)/Snow White And The Three Stooges (1961).mp4
499,544,1280,1,741,780,125,165,1560,0.0022,44238,/home/amos/server/media/movies/Snow White And The Three Stooges (1961)/Snow White And The Three Stooges (1961).mp4
500,544,1280,0,194,276,66,148,6724,0.0097,44384,/home/amos/server/media/movies/Snow White And The Three Stooges (1961)/Snow White And The Three Stooges (1961).mp4
501,544,1280,1,741,823,215,297,6724,0.0097,44384,/home/amos/server/media/movies/Snow White And The Three Stooges (1961)/Snow White And The Three Stooges (1961).mp4
502,544,1280,0,421,460,221,261,1560,0.0022,44530,/home/amos/server/media/movies/Snow White And The Three Stooges (1961)/Snow White And The Three Stooges (1961).mp4
503,544,1280,0,597,665,137,205,4624,0.0066,44676,/home/amos/server/media/movies/Snow White And The Three Stooges (1961)/Snow White And The Three Stooges (1961).mp4
504,544,1280,0,638,706,130,198,4624,0.0066,44822,/home/amos/server/media/movies/Snow White And The Three Stooges (1961)/Snow White And The Three Stooges (1961).mp4
505,544,1280,0,831,888,163,220,3249,0.0047,44968,/home/amos/server/media/movies/Snow White And The Three Stooges (1961)/Snow White And The Three Stooges (1961).mp4
506,544,1280,1,324,381,83,140,3249,0.0047,44968,/home/amos/server/media/movies/Snow White And The Three Stooges (1961)/Snow White And The Three Stooges (1961).mp4
507,544,1280,0,330,387,89,145,3192,0.0046,45114,/home/amos/server/media/movies/Snow White And The Three Stooges (1961)/Snow White And The Three Stooges (1961).mp4
508,544,1280,1,779,826,182,230,2256,0.0032,45114,/home/amos/server/media/movies/Snow White And The Three Stooges (1961)/Snow White And The Three Stooges (1961).mp4
509,544,1280,0,399,456,83,140,3249,0.0047,45260,/home/amos/server/media/movies/Snow White And The Three Stooges (1961)/Snow White And The Three Stooges (1961).mp4
510,544,1280,1,750,807,181,238,3249,0.0047,45260,/home/amos/server/media/movies/Snow White And The Three Stooges (1961)/Snow White And The Three Stooges (1961).mp4
511,544,1280,0,382,451,88,157,4761,0.0068,45406,/home/amos/server/media/movies/Snow White And The Three Stooges (1961)/Snow White And The Three Stooges (1961).mp4
512,544,1280,1,673,720,192,239,2209,0.0032,45406,/home/amos/server/media/movies/Snow White And The Three Stooges (1961)/Snow White And The Three Stooges (1961).mp4
513,544,1280,0,399,456,83,140,3249,0.0047,45552,/home/amos/server/media/movies/Snow White And The Three Stooges (1961)/Snow White And The Three Stooges (1961).mp4
514,544,1280,0,770,838,199,267,4624,0.0066,45698,/home/amos/server/media/movies/Snow White And The Three Stooges (1961)/Snow White And The Three Stooges (1961).mp4
515,544,1280,1,290,346,89,145,3136,0.0045,45698,/home/amos/server/media/movies/Snow White And The Three Stooges (1961)/Snow White And The Three Stooges (1961).mp4
516,544,1280,0,779,836,198,255,3249,0.0047,45844,/home/amos/server/media/movies/Snow White And The Three Stooges (1961)/Snow White And The Three Stooges (1961).mp4
517,544,1280,1,336,393,60,117,3249,0.0047,45844,/home/amos/server/media/movies/Snow White And The Three Stooges (1961)/Snow White And The Three Stooges (1961).mp4
518,544,1280,0,428,485,83,140,3249,0.0047,45990,/home/amos/server/media/movies/Snow White And The Three Stooges (1961)/Snow White And The Three Stooges (1961).mp4
519,544,1280,1,756,824,185,253,4624,0.0066,45990,/home/amos/server/media/movies/Snow White And The Three Stooges (1961)/Snow White And The Three Stooges (1961).mp4
520,544,1280,0,754,853,259,357,9702,0.0139,46136,/home/amos/server/media/movies/Snow White And The Three Stooges (1961)/Snow White And The Three Stooges (1961).mp4
521,544,1280,0,744,843,249,347,9702,0.0139,46282,/home/amos/server/media/movies/Snow White And The Three Stooges (1961)/Snow White And The Three Stooges (1961).mp4
522,544,1280,0,457,514,89,145,3192,0.0046,46428,/home/amos/server/media/movies/Snow White And The Three Stooges (1961)/Snow White And The Three Stooges (1961).mp4
523,544,1280,0,695,793,239,337,9604,0.0138,46574,/home/amos/server/media/movies/Snow White And The Three Stooges (1961)/Snow White And The Three Stooges (1961).mp4
524,544,1280,0,725,823,239,337,9604,0.0138,46720,/home/amos/server/media/movies/Snow White And The Three Stooges (1961)/Snow White And The Three Stooges (1961).mp4
525,544,1280,0,456,554,109,208,9702,0.0139,46866,/home/amos/server/media/movies/Snow White And The Three Stooges (1961)/Snow White And The Three Stooges (1961).mp4
526,544,1280,0,355,423,240,309,4692,0.0067,47012,/home/amos/server/media/movies/Snow White And The Three Stooges (1961)/Snow White And The Three Stooges (1961).mp4
527,544,1280,1,766,848,99,181,6724,0.0097,47012,/home/amos/server/media/movies/Snow White And The Three Stooges (1961)/Snow White And The Three Stooges (1961).mp4
528,544,1280,0,382,451,220,288,4692,0.0067,47158,/home/amos/server/media/movies/Snow White And The Three Stooges (1961)/Snow White And The Three Stooges (1961).mp4
529,544,1280,1,783,865,91,173,6724,0.0097,47158,/home/amos/server/media/movies/Snow White And The Three Stooges (1961)/Snow White And The Three Stooges (1961).mp4
530,544,1280,0,376,444,227,295,4624,0.0066,47304,/home/amos/server/media/movies/Snow White And The Three Stooges (1961)/Snow White And The Three Stooges (1961).mp4
531,544,1280,0,551,633,215,297,6724,0.0097,47450,/home/amos/server/media/movies/Snow White And The Three Stooges (1961)/Snow White And The Three Stooges (1961).mp4
532,544,1280,1,658,740,99,181,6724,0.0097,47450,/home/amos/server/media/movies/Snow White And The Three Stooges (1961)/Snow White And The Three Stooges (1961).mp4
533,544,1280,0,514,582,247,316,4692,0.0067,47596,/home/amos/server/media/movies/Snow White And The Three Stooges (1961)/Snow White And The Three Stooges (1961).mp4
534,544,1280,1,658,740,99,181,6724,0.0097,47596,/home/amos/server/media/movies/Snow White And The Three Stooges (1961)/Snow White And The Three Stooges (1961).mp4
535,544,1280,0,272,340,227,295,4624,0.0066,47742,/home/amos/server/media/movies/Snow White And The Three Stooges (1961)/Snow White And The Three Stooges (1961).mp4
536,544,1280,1,990,1072,82,164,6724,0.0097,47742,/home/amos/server/media/movies/Snow White And The Three Stooges (1961)/Snow White And The Three Stooges (1961).mp4
537,544,1280,0,484,566,215,297,6724,0.0097,47888,/home/amos/server/media/movies/Snow White And The Three Stooges (1961)/Snow White And The Three Stooges (1961).mp4
538,544,1280,1,700,782,99,181,6724,0.0097,47888,/home/amos/server/media/movies/Snow White And The Three Stooges (1961)/Snow White And The Three Stooges (1961).mp4
539,544,1280,0,437,578,138,280,20022,0.0288,48764,/home/amos/server/media/movies/Snow White And The Three Stooges (1961)/Snow White And The Three Stooges (1961).mp4
540,544,1280,0,709,827,187,305,13924,0.02,48910,/home/amos/server/media/movies/Snow White And The Three Stooges (1961)/Snow White And The Three Stooges (1961).mp4
541,544,1280,0,480,621,138,280,20022,0.0288,49056,/home/amos/server/media/movies/Snow White And The Three Stooges (1961)/Snow White And The Three Stooges (1961).mp4
542,544,1280,0,695,793,199,297,9604,0.0138,49202,/home/amos/server/media/movies/Snow White And The Three Stooges (1961)/Snow White And The Three Stooges (1961).mp4
543,544,1280,0,609,750,153,294,19881,0.0286,49640,/home/amos/server/media/movies/Snow White And The Three Stooges (1961)/Snow White And The Three Stooges (1961).mp4
544,544,1280,0,537,576,93,133,1560,0.0022,49786,/home/amos/server/media/movies/Snow White And The Three Stooges (1961)/Snow White And The Three Stooges (1961).mp4
545,544,1280,0,596,644,110,158,2304,0.0033,50078,/home/amos/server/media/movies/Snow White And The Three Stooges (1961)/Snow White And The Three Stooges (1961).mp4
546,544,1280,1,471,519,197,244,2256,0.0032,50078,/home/amos/server/media/movies/Snow White And The Three Stooges (1961)/Snow White And The Three Stooges (1961).mp4
547,544,1280,0,882,964,190,272,6724,0.0097,50224,/home/amos/server/media/movies/Snow White And The Three Stooges (1961)/Snow White And The Three Stooges (1961).mp4
548,544,1280,0,486,584,209,307,9604,0.0138,50370,/home/amos/server/media/movies/Snow White And The Three Stooges (1961)/Snow White And The Three Stooges (1961).mp4
549,544,1280,0,756,874,234,352,13924,0.02,50516,/home/amos/server/media/movies/Snow White And The Three Stooges (1961)/Snow White And The Three Stooges (1961).mp4
550,544,1280,0,410,528,127,245,13924,0.02,50662,/home/amos/server/media/movies/Snow White And The Three Stooges (1961)/Snow White And The Three Stooges (1961).mp4
551,544,1280,0,549,588,201,241,1560,0.0022,53290,/home/amos/server/media/movies/Snow White And The Three Stooges (1961)/Snow White And The Three Stooges (1961).mp4
552,544,1280,0,325,364,165,205,1560,0.0022,53582,/home/amos/server/media/movies/Snow White And The Three Stooges (1961)/Snow White And The Three Stooges (1961).mp4
553,544,1280,0,445,513,206,274,4624,0.0066,54166,/home/amos/server/media/movies/Snow White And The Three Stooges (1961)/Snow White And The Three Stooges (1961).mp4
554,544,1280,1,733,815,165,247,6724,0.0097,54166,/home/amos/server/media/movies/Snow White And The Three Stooges (1961)/Snow White And The Three Stooges (1961).mp4
555,544,1280,0,673,741,247,316,4692,0.0067,54312,/home/amos/server/media/movies/Snow White And The Three Stooges (1961)/Snow White And The Three Stooges (1961).mp4
556,544,1280,1,680,748,81,150,4692,0.0067,54312,/home/amos/server/media/movies/Snow White And The Three Stooges (1961)/Snow White And The Three Stooges (1961).mp4
557,544,1280,2,493,561,95,164,4692,0.0067,54312,/home/amos/server/media/movies/Snow White And The Three Stooges (1961)/Snow White And The Three Stooges (1961).mp4
558,544,1280,3,468,550,282,363,6642,0.0095,54312,/home/amos/server/media/movies/Snow White And The Three Stooges (1961)/Snow White And The Three Stooges (1961).mp4
559,544,1280,0,451,533,282,363,6642,0.0095,54458,/home/amos/server/media/movies/Snow White And The Three Stooges (1961)/Snow White And The Three Stooges (1961).mp4
560,544,1280,1,645,713,95,164,4692,0.0067,54458,/home/amos/server/media/movies/Snow White And The Three Stooges (1961)/Snow White And The Three Stooges (1961).mp4
561,544,1280,2,725,807,248,330,6724,0.0097,54458,/home/amos/server/media/movies/Snow White And The Three Stooges (1961)/Snow White And The Three Stooges (1961).mp4
562,544,1280,3,431,499,123,191,4624,0.0066,54458,/home/amos/server/media/movies/Snow White And The Three Stooges (1961)/Snow White And The Three Stooges (1961).mp4
563,544,1280,0,700,782,257,339,6724,0.0097,54604,/home/amos/server/media/movies/Snow White And The Three Stooges (1961)/Snow White And The Three Stooges (1961).mp4
564,544,1280,1,650,732,74,156,6724,0.0097,54604,/home/amos/server/media/movies/Snow White And The Three Stooges (1961)/Snow White And The Three Stooges (1961).mp4
565,544,1280,2,426,508,257,339,6724,0.0097,54604,/home/amos/server/media/movies/Snow White And The Three Stooges (1961)/Snow White And The Three Stooges (1961).mp4
566,544,1280,3,479,548,95,164,4761,0.0068,54604,/home/amos/server/media/movies/Snow White And The Three Stooges (1961)/Snow White And The Three Stooges (1961).mp4
567,544,1280,0,733,815,257,339,6724,0.0097,54750,/home/amos/server/media/movies/Snow White And The Three Stooges (1961)/Snow White And The Three Stooges (1961).mp4
568,544,1280,1,652,720,88,157,4692,0.0067,54750,/home/amos/server/media/movies/Snow White And The Three Stooges (1961)/Snow White And The Three Stooges (1961).mp4
569,544,1280,2,476,558,282,363,6642,0.0095,54750,/home/amos/server/media/movies/Snow White And The Three Stooges (1961)/Snow White And The Three Stooges (1961).mp4
570,544,1280,3,472,541,116,184,4692,0.0067,54750,/home/amos/server/media/movies/Snow White And The Three Stooges (1961)/Snow White And The Three Stooges (1961).mp4
571,544,1280,0,452,520,268,336,4624,0.0066,54896,/home/amos/server/media/movies/Snow White And The Three Stooges (1961)/Snow White And The Three Stooges (1961).mp4
572,544,1280,1,714,783,282,350,4692,0.0067,54896,/home/amos/server/media/movies/Snow White And The Three Stooges (1961)/Snow White And The Three Stooges (1961).mp4
573,544,1280,2,665,763,69,168,9702,0.0139,54896,/home/amos/server/media/movies/Snow White And The Three Stooges (1961)/Snow White And The Three Stooges (1961).mp4
574,544,1280,3,451,533,99,181,6724,0.0097,54896,/home/amos/server/media/movies/Snow White And The Three Stooges (1961)/Snow White And The Three Stooges (1961).mp4
575,544,1280,4,681,738,94,151,3249,0.0047,54896,/home/amos/server/media/movies/Snow White And The Three Stooges (1961)/Snow White And The Three Stooges (1961).mp4
576,544,1280,0,802,859,89,145,3192,0.0046,55480,/home/amos/server/media/movies/Snow White And The Three Stooges (1961)/Snow White And The Three Stooges (1961).mp4
577,544,1280,1,595,652,227,284,3249,0.0047,55480,/home/amos/server/media/movies/Snow White And The Three Stooges (1961)/Snow White And The Three Stooges (1961).mp4
578,544,1280,2,735,783,91,138,2256,0.0032,55480,/home/amos/server/media/movies/Snow White And The Three Stooges (1961)/Snow White And The Three Stooges (1961).mp4
579,544,1280,0,796,853,83,140,3249,0.0047,55626,/home/amos/server/media/movies/Snow White And The Three Stooges (1961)/Snow White And The Three Stooges (1961).mp4
580,544,1280,1,692,740,125,172,2256,0.0032,55626,/home/amos/server/media/movies/Snow White And The Three Stooges (1961)/Snow White And The Three Stooges (1961).mp4
581,544,1280,2,601,658,227,284,3249,0.0047,55626,/home/amos/server/media/movies/Snow White And The Three Stooges (1961)/Snow White And The Three Stooges (1961).mp4
582,544,1280,0,865,912,96,143,2209,0.0032,55772,/home/amos/server/media/movies/Snow White And The Three Stooges (1961)/Snow White And The Three Stooges (1961).mp4
583,544,1280,0,351,399,264,311,2256,0.0032,55918,/home/amos/server/media/movies/Snow White And The Three Stooges (1961)/Snow White And The Three Stooges (1961).mp4
584,544,1280,1,495,543,312,359,2256,0.0032,55918,/home/amos/server/media/movies/Snow White And The Three Stooges (1961)/Snow White And The Three Stooges (1961).mp4
585,544,1280,0,566,623,169,226,3249,0.0047,56210,/home/amos/server/media/movies/Snow White And The Three Stooges (1961)/Snow White And The Three Stooges (1961).mp4
586,544,1280,0,272,329,106,163,3249,0.0047,56356,/home/amos/server/media/movies/Snow White And The Three Stooges (1961)/Snow White And The Three Stooges (1961).mp4
587,544,1280,1,998,1066,185,253,4624,0.0066,56356,/home/amos/server/media/movies/Snow White And The Three Stooges (1961)/Snow White And The Three Stooges (1961).mp4
588,544,1280,2,508,565,163,220,3249,0.0047,56356,/home/amos/server/media/movies/Snow White And The Three Stooges (1961)/Snow White And The Three Stooges (1961).mp4
589,544,1280,0,629,668,201,241,1560,0.0022,56648,/home/amos/server/media/movies/Snow White And The Three Stooges (1961)/Snow White And The Three Stooges (1961).mp4
590,544,1280,1,437,476,189,229,1560,0.0022,56648,/home/amos/server/media/movies/Snow White And The Three Stooges (1961)/Snow White And The Three Stooges (1961).mp4
591,544,1280,0,313,360,192,239,2209,0.0032,56940,/home/amos/server/media/movies/Snow White And The Three Stooges (1961)/Snow White And The Three Stooges (1961).mp4
592,544,1280,0,369,437,185,253,4624,0.0066,57086,/home/amos/server/media/movies/Snow White And The Three Stooges (1961)/Snow White And The Three Stooges (1961).mp4
593,544,1280,1,78,176,169,267,9604,0.0138,57086,/home/amos/server/media/movies/Snow White And The Three Stooges (1961)/Snow White And The Three Stooges (1961).mp4
594,544,1280,0,491,548,135,191,3192,0.0046,57232,/home/amos/server/media/movies/Snow White And The Three Stooges (1961)/Snow White And The Three Stooges (1961).mp4
595,544,1280,1,670,727,129,186,3249,0.0047,57232,/home/amos/server/media/movies/Snow White And The Three Stooges (1961)/Snow White And The Three Stooges (1961).mp4
596,544,1280,0,625,672,125,172,2209,0.0032,57378,/home/amos/server/media/movies/Snow White And The Three Stooges (1961)/Snow White And The Three Stooges (1961).mp4
597,544,1280,1,480,537,146,203,3249,0.0047,57378,/home/amos/server/media/movies/Snow White And The Three Stooges (1961)/Snow White And The Three Stooges (1961).mp4
598,544,1280,2,589,646,198,255,3249,0.0047,57378,/home/amos/server/media/movies/Snow White And The Three Stooges (1961)/Snow White And The Three Stooges (1961).mp4
599,544,1280,0,682,852,194,364,28900,0.0415,57524,/home/amos/server/media/movies/Snow White And The Three Stooges (1961)/Snow White And The Three Stooges (1961).mp4
600,544,1280,0,439,496,192,249,3249,0.0047,57670,/home/amos/server/media/movies/Snow White And The Three Stooges (1961)/Snow White And The Three Stooges (1961).mp4
601,544,1280,1,762,819,129,186,3249,0.0047,57670,/home/amos/server/media/movies/Snow White And The Three Stooges (1961)/Snow White And The Three Stooges (1961).mp4
602,544,1280,2,279,347,157,226,4692,0.0067,57670,/home/amos/server/media/movies/Snow White And The Three Stooges (1961)/Snow White And The Three Stooges (1961).mp4
603,544,1280,3,532,588,198,255,3192,0.0046,57670,/home/amos/server/media/movies/Snow White And The Three Stooges (1961)/Snow White And The Three Stooges (1961).mp4
604,544,1280,0,424,492,185,253,4624,0.0066,57816,/home/amos/server/media/movies/Snow White And The Three Stooges (1961)/Snow White And The Three Stooges (1961).mp4
605,544,1280,1,562,630,178,246,4624,0.0066,57816,/home/amos/server/media/movies/Snow White And The Three Stooges (1961)/Snow White And The Three Stooges (1961).mp4
606,544,1280,2,768,825,112,168,3192,0.0046,57816,/home/amos/server/media/movies/Snow White And The Three Stooges (1961)/Snow White And The Three Stooges (1961).mp4
607,544,1280,3,272,329,163,220,3249,0.0047,57816,/home/amos/server/media/movies/Snow White And The Three Stooges (1961)/Snow White And The Three Stooges (1961).mp4
608,544,1280,0,733,850,246,364,13806,0.0198,57962,/home/amos/server/media/movies/Snow White And The Three Stooges (1961)/Snow White And The Three Stooges (1961).mp4
609,544,1280,0,733,850,246,364,13806,0.0198,58108,/home/amos/server/media/movies/Snow White And The Three Stooges (1961)/Snow White And The Three Stooges (1961).mp4
610,544,1280,0,480,621,138,280,20022,0.0288,58254,/home/amos/server/media/movies/Snow White And The Three Stooges (1961)/Snow White And The Three Stooges (1961).mp4
611,544,1280,0,709,827,211,328,13806,0.0198,58400,/home/amos/server/media/movies/Snow White And The Three Stooges (1961)/Snow White And The Three Stooges (1961).mp4
612,544,1280,0,738,879,210,351,19881,0.0286,58546,/home/amos/server/media/movies/Snow White And The Three Stooges (1961)/Snow White And The Three Stooges (1961).mp4
613,544,1280,0,876,994,127,245,13924,0.02,58692,/home/amos/server/media/movies/Snow White And The Three Stooges (1961)/Snow White And The Three Stooges (1961).mp4
614,544,1280,1,231,349,103,221,13924,0.02,58692,/home/amos/server/media/movies/Snow White And The Three Stooges (1961)/Snow White And The Three Stooges (1961).mp4
615,544,1280,2,545,644,159,257,9702,0.0139,58692,/home/amos/server/media/movies/Snow White And The Three Stooges (1961)/Snow White And The Three Stooges (1961).mp4
616,544,1280,0,638,779,124,265,19881,0.0286,58838,/home/amos/server/media/movies/Snow White And The Three Stooges (1961)/Snow White And The Three Stooges (1961).mp4
617,544,1280,0,423,564,124,265,19881,0.0286,58984,/home/amos/server/media/movies/Snow White And The Three Stooges (1961)/Snow White And The Three Stooges (1961).mp4
618,544,1280,0,912,1030,139,257,13924,0.02,59130,/home/amos/server/media/movies/Snow White And The Three Stooges (1961)/Snow White And The Three Stooges (1961).mp4
619,544,1280,1,565,683,151,269,13924,0.02,59130,/home/amos/server/media/movies/Snow White And The Three Stooges (1961)/Snow White And The Three Stooges (1961).mp4
620,544,1280,2,195,313,91,209,13924,0.02,59130,/home/amos/server/media/movies/Snow White And The Three Stooges (1961)/Snow White And The Three Stooges (1961).mp4
621,544,1280,0,904,1002,139,237,9604,0.0138,59276,/home/amos/server/media/movies/Snow White And The Three Stooges (1961)/Snow White And The Three Stooges (1961).mp4
622,544,1280,1,565,683,151,269,13924,0.02,59276,/home/amos/server/media/movies/Snow White And The Three Stooges (1961)/Snow White And The Three Stooges (1961).mp4
623,544,1280,2,195,313,79,197,13924,0.02,59276,/home/amos/server/media/movies/Snow White And The Three Stooges (1961)/Snow White And The Three Stooges (1961).mp4
624,544,1280,0,685,803,187,305,13924,0.02,59422,/home/amos/server/media/movies/Snow White And The Three Stooges (1961)/Snow White And The Three Stooges (1961).mp4
625,544,1280,0,900,1018,127,245,13924,0.02,59568,/home/amos/server/media/movies/Snow White And The Three Stooges (1961)/Snow White And The Three Stooges (1961).mp4
626,544,1280,1,601,719,127,245,13924,0.02,59568,/home/amos/server/media/movies/Snow White And The Three Stooges (1961)/Snow White And The Three Stooges (1961).mp4
627,544,1280,2,267,385,115,233,13924,0.02,59568,/home/amos/server/media/movies/Snow White And The Three Stooges (1961)/Snow White And The Three Stooges (1961).mp4
628,544,1280,0,666,808,138,280,20164,0.029,59714,/home/amos/server/media/movies/Snow White And The Three Stooges (1961)/Snow White And The Three Stooges (1961).mp4
629,544,1280,0,820,876,244,301,3192,0.0046,59860,/home/amos/server/media/movies/Snow White And The Three Stooges (1961)/Snow White And The Three Stooges (1961).mp4
630,544,1280,1,348,416,164,233,4692,0.0067,59860,/home/amos/server/media/movies/Snow White And The Three Stooges (1961)/Snow White And The Three Stooges (1961).mp4
631,544,1280,2,578,634,129,186,3192,0.0046,59860,/home/amos/server/media/movies/Snow White And The Three Stooges (1961)/Snow White And The Three Stooges (1961).mp4
632,544,1280,0,422,479,106,163,3249,0.0047,60006,/home/amos/server/media/movies/Snow White And The Three Stooges (1961)/Snow White And The Three Stooges (1961).mp4
633,544,1280,1,244,312,95,164,4692,0.0067,60006,/home/amos/server/media/movies/Snow White And The Three Stooges (1961)/Snow White And The Three Stooges (1961).mp4
634,544,1280,2,802,859,227,284,3249,0.0047,60006,/home/amos/server/media/movies/Snow White And The Three Stooges (1961)/Snow White And The Three Stooges (1961).mp4
635,544,1280,3,569,637,123,191,4624,0.0066,60006,/home/amos/server/media/movies/Snow White And The Three Stooges (1961)/Snow White And The Three Stooges (1961).mp4
636,544,1280,0,569,637,130,198,4624,0.0066,60152,/home/amos/server/media/movies/Snow White And The Three Stooges (1961)/Snow White And The Three Stooges (1961).mp4
637,544,1280,0,763,831,123,191,4624,0.0066,60298,/home/amos/server/media/movies/Snow White And The Three Stooges (1961)/Snow White And The Three Stooges (1961).mp4
638,544,1280,1,370,427,140,197,3249,0.0047,60298,/home/amos/server/media/movies/Snow White And The Three Stooges (1961)/Snow White And The Three Stooges (1961).mp4
639,544,1280,0,566,623,100,157,3249,0.0047,60590,/home/amos/server/media/movies/Snow White And The Three Stooges (1961)/Snow White And The Three Stooges (1961).mp4
640,544,1280,0,595,652,123,180,3249,0.0047,61174,/home/amos/server/media/movies/Snow White And The Three Stooges (1961)/Snow White And The Three Stooges (1961).mp4
641,544,1280,0,601,658,106,163,3249,0.0047,61320,/home/amos/server/media/movies/Snow White And The Three Stooges (1961)/Snow White And The Three Stooges (1961).mp4
642,544,1280,0,687,744,100,157,3249,0.0047,61612,/home/amos/server/media/movies/Snow White And The Three Stooges (1961)/Snow White And The Three Stooges (1961).mp4
643,544,1280,1,279,347,144,212,4624,0.0066,61612,/home/amos/server/media/movies/Snow White And The Three Stooges (1961)/Snow White And The Three Stooges (1961).mp4
644,544,1280,0,927,975,216,263,2256,0.0032,61758,/home/amos/server/media/movies/Snow White And The Three Stooges (1961)/Snow White And The Three Stooges (1961).mp4
645,544,1280,1,441,480,133,173,1560,0.0022,61758,/home/amos/server/media/movies/Snow White And The Three Stooges (1961)/Snow White And The Three Stooges (1961).mp4
646,544,1280,0,759,807,129,177,2304,0.0033,61904,/home/amos/server/media/movies/Snow White And The Three Stooges (1961)/Snow White And The Three Stooges (1961).mp4
647,544,1280,1,1048,1130,265,347,6724,0.0097,61904,/home/amos/server/media/movies/Snow White And The Three Stooges (1961)/Snow White And The Three Stooges (1961).mp4
648,544,1280,2,613,652,121,161,1560,0.0022,61904,/home/amos/server/media/movies/Snow White And The Three Stooges (1961)/Snow White And The Three Stooges (1961).mp4
649,544,1280,0,683,730,158,206,2256,0.0032,62050,/home/amos/server/media/movies/Snow White And The Three Stooges (1961)/Snow White And The Three Stooges (1961).mp4
650,544,1280,1,428,485,221,278,3249,0.0047,62050,/home/amos/server/media/movies/Snow White And The Three Stooges (1961)/Snow White And The Three Stooges (1961).mp4
651,544,1280,2,832,900,240,309,4692,0.0067,62050,/home/amos/server/media/movies/Snow White And The Three Stooges (1961)/Snow White And The Three Stooges (1961).mp4
652,544,1280,3,973,1072,288,387,9801,0.0141,62050,/home/amos/server/media/movies/Snow White And The Three Stooges (1961)/Snow White And The Three Stooges (1961).mp4
653,544,1280,0,808,890,240,322,6724,0.0097,62196,/home/amos/server/media/movies/Snow White And The Three Stooges (1961)/Snow White And The Three Stooges (1961).mp4
654,544,1280,1,466,564,99,198,9702,0.0139,62196,/home/amos/server/media/movies/Snow White And The Three Stooges (1961)/Snow White And The Three Stooges (1961).mp4
655,544,1280,0,560,617,83,140,3249,0.0047,62342,/home/amos/server/media/movies/Snow White And The Three Stooges (1961)/Snow White And The Three Stooges (1961).mp4
656,544,1280,1,722,778,123,180,3192,0.0046,62342,/home/amos/server/media/movies/Snow White And The Three Stooges (1961)/Snow White And The Three Stooges (1961).mp4
657,544,1280,0,333,372,137,177,1560,0.0022,62488,/home/amos/server/media/movies/Snow White And The Three Stooges (1961)/Snow White And The Three Stooges (1961).mp4
658,544,1280,1,577,624,201,249,2256,0.0032,62488,/home/amos/server/media/movies/Snow White And The Three Stooges (1961)/Snow White And The Three Stooges (1961).mp4
659,544,1280,2,689,728,197,237,1560,0.0022,62488,/home/amos/server/media/movies/Snow White And The Three Stooges (1961)/Snow White And The Three Stooges (1961).mp4
660,544,1280,0,468,550,116,198,6724,0.0097,62634,/home/amos/server/media/movies/Snow White And The Three Stooges (1961)/Snow White And The Three Stooges (1961).mp4
661,544,1280,0,726,773,134,182,2256,0.0032,62780,/home/amos/server/media/movies/Snow White And The Three Stooges (1961)/Snow White And The Three Stooges (1961).mp4
662,544,1280,1,617,686,109,177,4692,0.0067,62780,/home/amos/server/media/movies/Snow White And The Three Stooges (1961)/Snow White And The Three Stooges (1961).mp4
663,544,1280,2,839,907,206,274,4624,0.0066,62780,/home/amos/server/media/movies/Snow White And The Three Stooges (1961)/Snow White And The Three Stooges (1961).mp4
664,544,1280,0,668,716,110,158,2304,0.0033,62926,/home/amos/server/media/movies/Snow White And The Three Stooges (1961)/Snow White And The Three Stooges (1961).mp4
665,544,1280,1,762,819,181,238,3249,0.0047,62926,/home/amos/server/media/movies/Snow White And The Three Stooges (1961)/Snow White And The Three Stooges (1961).mp4
666,544,1280,2,618,675,198,255,3249,0.0047,62926,/home/amos/server/media/movies/Snow White And The Three Stooges (1961)/Snow White And The Three Stooges (1961).mp4
667,544,1280,0,534,616,107,189,6724,0.0097,63072,/home/amos/server/media/movies/Snow White And The Three Stooges (1961)/Snow White And The Three Stooges (1961).mp4
668,544,1280,0,673,720,125,172,2209,0.0032,63218,/home/amos/server/media/movies/Snow White And The Three Stooges (1961)/Snow White And The Three Stooges (1961).mp4
669,544,1280,1,452,520,192,260,4624,0.0066,63218,/home/amos/server/media/movies/Snow White And The Three Stooges (1961)/Snow White And The Three Stooges (1961).mp4
670,544,1280,2,763,831,220,288,4624,0.0066,63218,/home/amos/server/media/movies/Snow White And The Three Stooges (1961)/Snow White And The Three Stooges (1961).mp4
671,544,1280,0,510,557,72,119,2209,0.0032,63364,/home/amos/server/media/movies/Snow White And The Three Stooges (1961)/Snow White And The Three Stooges (1961).mp4
672,544,1280,1,615,663,134,182,2304,0.0033,63364,/home/amos/server/media/movies/Snow White And The Three Stooges (1961)/Snow White And The Three Stooges (1961).mp4
673,544,1280,0,578,634,60,117,3192,0.0046,63510,/home/amos/server/media/movies/Snow White And The Three Stooges (1961)/Snow White And The Three Stooges (1961).mp4
674,544,1280,1,873,941,185,253,4624,0.0066,63510,/home/amos/server/media/movies/Snow White And The Three Stooges (1961)/Snow White And The Three Stooges (1961).mp4
675,544,1280,0,611,658,72,119,2209,0.0032,63656,/home/amos/server/media/movies/Snow White And The Three Stooges (1961)/Snow White And The Three Stooges (1961).mp4
676,544,1280,1,721,768,129,177,2256,0.0032,63656,/home/amos/server/media/movies/Snow White And The Three Stooges (1961)/Snow White And The Three Stooges (1961).mp4
677,544,1280,2,439,496,181,238,3249,0.0047,63656,/home/amos/server/media/movies/Snow White And The Three Stooges (1961)/Snow White And The Three Stooges (1961).mp4
678,544,1280,0,567,615,81,129,2304,0.0033,63802,/home/amos/server/media/movies/Snow White And The Three Stooges (1961)/Snow White And The Three Stooges (1961).mp4
679,544,1280,1,739,796,140,197,3249,0.0047,63802,/home/amos/server/media/movies/Snow White And The Three Stooges (1961)/Snow White And The Three Stooges (1961).mp4
680,544,1280,0,745,802,71,128,3249,0.0047,63948,/home/amos/server/media/movies/Snow White And The Three Stooges (1961)/Snow White And The Three Stooges (1961).mp4
681,544,1280,1,606,653,144,191,2209,0.0032,63948,/home/amos/server/media/movies/Snow White And The Three Stooges (1961)/Snow White And The Three Stooges (1961).mp4
682,544,1280,2,439,496,163,220,3249,0.0047,63948,/home/amos/server/media/movies/Snow White And The Three Stooges (1961)/Snow White And The Three Stooges (1961).mp4
683,544,1280,3,341,409,144,212,4624,0.0066,63948,/home/amos/server/media/movies/Snow White And The Three Stooges (1961)/Snow White And The Three Stooges (1961).mp4
684,544,1280,0,293,361,178,246,4624,0.0066,64094,/home/amos/server/media/movies/Snow White And The Three Stooges (1961)/Snow White And The Three Stooges (1961).mp4
685,544,1280,1,880,948,171,240,4692,0.0067,64094,/home/amos/server/media/movies/Snow White And The Three Stooges (1961)/Snow White And The Three Stooges (1961).mp4
686,544,1280,0,548,596,115,162,2256,0.0032,64240,/home/amos/server/media/movies/Snow White And The Three Stooges (1961)/Snow White And The Three Stooges (1961).mp4
687,544,1280,0,601,648,96,143,2209,0.0032,64386,/home/amos/server/media/movies/Snow White And The Three Stooges (1961)/Snow White And The Three Stooges (1961).mp4
688,544,1280,1,375,423,101,148,2256,0.0032,64386,/home/amos/server/media/movies/Snow White And The Three Stooges (1961)/Snow White And The Three Stooges (1961).mp4
689,544,1280,2,251,298,115,162,2209,0.0032,64386,/home/amos/server/media/movies/Snow White And The Three Stooges (1961)/Snow White And The Three Stooges (1961).mp4
690,544,1280,0,399,447,96,143,2256,0.0032,64532,/home/amos/server/media/movies/Snow White And The Three Stooges (1961)/Snow White And The Three Stooges (1961).mp4
691,544,1280,1,606,663,100,157,3249,0.0047,64532,/home/amos/server/media/movies/Snow White And The Three Stooges (1961)/Snow White And The Three Stooges (1961).mp4
692,544,1280,2,260,308,96,143,2256,0.0032,64532,/home/amos/server/media/movies/Snow White And The Three Stooges (1961)/Snow White And The Three Stooges (1961).mp4
693,544,1280,0,681,822,110,251,19881,0.0286,64678,/home/amos/server/media/movies/Snow White And The Three Stooges (1961)/Snow White And The Three Stooges (1961).mp4
694,544,1280,0,709,851,110,251,20022,0.0288,64970,/home/amos/server/media/movies/Snow White And The Three Stooges (1961)/Snow White And The Three Stooges (1961).mp4
695,544,1280,1,506,624,175,293,13924,0.02,64970,/home/amos/server/media/movies/Snow White And The Three Stooges (1961)/Snow White And The Three Stooges (1961).mp4
696,544,1280,0,733,850,139,257,13806,0.0198,65116,/home/amos/server/media/movies/Snow White And The Three Stooges (1961)/Snow White And The Three Stooges (1961).mp4
697,544,1280,1,506,624,222,340,13924,0.02,65116,/home/amos/server/media/movies/Snow White And The Three Stooges (1961)/Snow White And The Three Stooges (1961).mp4
698,544,1280,0,338,456,222,340,13924,0.02,65262,/home/amos/server/media/movies/Snow White And The Three Stooges (1961)/Snow White And The Three Stooges (1961).mp4
699,544,1280,0,744,862,151,269,13924,0.02,65408,/home/amos/server/media/movies/Snow White And The Three Stooges (1961)/Snow White And The Three Stooges (1961).mp4
700,544,1280,0,744,862,151,269,13924,0.02,65554,/home/amos/server/media/movies/Snow White And The Three Stooges (1961)/Snow White And The Three Stooges (1961).mp4
701,544,1280,0,752,894,124,265,20022,0.0288,65700,/home/amos/server/media/movies/Snow White And The Three Stooges (1961)/Snow White And The Three Stooges (1961).mp4
702,544,1280,0,386,484,209,307,9604,0.0138,65846,/home/amos/server/media/movies/Snow White And The Three Stooges (1961)/Snow White And The Three Stooges (1961).mp4
703,544,1280,0,804,922,175,293,13924,0.02,65992,/home/amos/server/media/movies/Snow White And The Three Stooges (1961)/Snow White And The Three Stooges (1961).mp4
704,544,1280,1,518,636,306,424,13924,0.02,65992,/home/amos/server/media/movies/Snow White And The Three Stooges (1961)/Snow White And The Three Stooges (1961).mp4
705,544,1280,0,929,986,175,232,3249,0.0047,66138,/home/amos/server/media/movies/Snow White And The Three Stooges (1961)/Snow White And The Three Stooges (1961).mp4
706,544,1280,1,491,538,96,143,2209,0.0032,66138,/home/amos/server/media/movies/Snow White And The Three Stooges (1961)/Snow White And The Three Stooges (1961).mp4
707,544,1280,2,180,237,83,140,3249,0.0047,66138,/home/amos/server/media/movies/Snow White And The Three Stooges (1961)/Snow White And The Three Stooges (1961).mp4
708,544,1280,3,323,370,91,138,2209,0.0032,66138,/home/amos/server/media/movies/Snow White And The Three Stooges (1961)/Snow White And The Three Stooges (1961).mp4
709,544,1280,0,964,1020,186,243,3192,0.0046,66284,/home/amos/server/media/movies/Snow White And The Three Stooges (1961)/Snow White And The Three Stooges (1961).mp4
710,544,1280,1,543,591,86,134,2304,0.0033,66284,/home/amos/server/media/movies/Snow White And The Three Stooges (1961)/Snow White And The Three Stooges (1961).mp4
711,544,1280,2,157,214,89,145,3192,0.0046,66284,/home/amos/server/media/movies/Snow White And The Three Stooges (1961)/Snow White And The Three Stooges (1961).mp4
712,544,1280,3,342,389,91,138,2209,0.0032,66284,/home/amos/server/media/movies/Snow White And The Three Stooges (1961)/Snow White And The Three Stooges (1961).mp4
713,544,1280,0,963,1031,192,260,4624,0.0066,66430,/home/amos/server/media/movies/Snow White And The Three Stooges (1961)/Snow White And The Three Stooges (1961).mp4
714,544,1280,1,480,537,77,134,3249,0.0047,66430,/home/amos/server/media/movies/Snow White And The Three Stooges (1961)/Snow White And The Three Stooges (1961).mp4
715,544,1280,2,157,214,77,134,3249,0.0047,66430,/home/amos/server/media/movies/Snow White And The Three Stooges (1961)/Snow White And The Three Stooges (1961).mp4
716,544,1280,3,799,881,240,322,6724,0.0097,66430,/home/amos/server/media/movies/Snow White And The Three Stooges (1961)/Snow White And The Three Stooges (1961).mp4
717,544,1280,4,308,356,96,143,2256,0.0032,66430,/home/amos/server/media/movies/Snow White And The Three Stooges (1961)/Snow White And The Three Stooges (1961).mp4
718,544,1280,0,317,415,99,198,9702,0.0139,66576,/home/amos/server/media/movies/Snow White And The Three Stooges (1961)/Snow White And The Three Stooges (1961).mp4
719,544,1280,1,874,956,116,198,6724,0.0097,66576,/home/amos/server/media/movies/Snow White And The Three Stooges (1961)/Snow White And The Three Stooges (1961).mp4
720,544,1280,2,555,654,109,208,9801,0.0141,66576,/home/amos/server/media/movies/Snow White And The Three Stooges (1961)/Snow White And The Three Stooges (1961).mp4
721,544,1280,0,754,853,129,227,9702,0.0139,66722,/home/amos/server/media/movies/Snow White And The Three Stooges (1961)/Snow White And The Three Stooges (1961).mp4
722,544,1280,0,458,576,187,305,13924,0.02,66868,/home/amos/server/media/movies/Snow White And The Three Stooges (1961)/Snow White And The Three Stooges (1961).mp4
723,544,1280,0,716,886,125,295,28900,0.0415,67014,/home/amos/server/media/movies/Snow White And The Three Stooges (1961)/Snow White And The Three Stooges (1961).mp4
724,544,1280,0,709,851,124,265,20022,0.0288,67160,/home/amos/server/media/movies/Snow White And The Three Stooges (1961)/Snow White And The Three Stooges (1961).mp4
725,544,1280,0,768,886,151,269,13924,0.02,67306,/home/amos/server/media/movies/Snow White And The Three Stooges (1961)/Snow White And The Three Stooges (1961).mp4
726,544,1280,0,780,898,151,269,13924,0.02,67452,/home/amos/server/media/movies/Snow White And The Three Stooges (1961)/Snow White And The Three Stooges (1961).mp4
727,544,1280,0,756,874,139,257,13924,0.02,67598,/home/amos/server/media/movies/Snow White And The Three Stooges (1961)/Snow White And The Three Stooges (1961).mp4
728,544,1280,1,492,662,211,381,28900,0.0415,67598,/home/amos/server/media/movies/Snow White And The Three Stooges (1961)/Snow White And The Three Stooges (1961).mp4
729,544,1280,0,567,649,116,198,6724,0.0097,67744,/home/amos/server/media/movies/Snow White And The Three Stooges (1961)/Snow White And The Three Stooges (1961).mp4
730,544,1280,1,287,385,109,208,9702,0.0139,67744,/home/amos/server/media/movies/Snow White And The Three Stooges (1961)/Snow White And The Three Stooges (1961).mp4
731,544,1280,2,794,893,119,217,9702,0.0139,67744,/home/amos/server/media/movies/Snow White And The Three Stooges (1961)/Snow White And The Three Stooges (1961).mp4
732,544,1280,0,864,962,249,347,9604,0.0138,67890,/home/amos/server/media/movies/Snow White And The Three Stooges (1961)/Snow White And The Three Stooges (1961).mp4
733,544,1280,1,470,588,115,233,13924,0.02,67890,/home/amos/server/media/movies/Snow White And The Three Stooges (1961)/Snow White And The Three Stooges (1961).mp4
734,544,1280,2,171,289,211,328,13806,0.0198,67890,/home/amos/server/media/movies/Snow White And The Three Stooges (1961)/Snow White And The Three Stooges (1961).mp4
735,544,1280,0,767,908,167,308,19881,0.0286,68036,/home/amos/server/media/movies/Snow White And The Three Stooges (1961)/Snow White And The Three Stooges (1961).mp4
736,544,1280,1,530,647,246,364,13806,0.0198,68036,/home/amos/server/media/movies/Snow White And The Three Stooges (1961)/Snow White And The Three Stooges (1961).mp4
737,544,1280,0,446,544,179,277,9604,0.0138,68182,/home/amos/server/media/movies/Snow White And The Three Stooges (1961)/Snow White And The Three Stooges (1961).mp4
738,544,1280,0,767,908,153,294,19881,0.0286,68328,/home/amos/server/media/movies/Snow White And The Three Stooges (1961)/Snow White And The Three Stooges (1961).mp4
739,544,1280,0,767,908,138,280,20022,0.0288,68474,/home/amos/server/media/movies/Snow White And The Three Stooges (1961)/Snow White And The Three Stooges (1961).mp4
740,544,1280,1,523,664,224,366,20022,0.0288,68474,/home/amos/server/media/movies/Snow White And The Three Stooges (1961)/Snow White And The Three Stooges (1961).mp4
741,544,1280,0,436,534,209,307,9604,0.0138,68620,/home/amos/server/media/movies/Snow White And The Three Stooges (1961)/Snow White And The Three Stooges (1961).mp4
742,544,1280,0,767,908,138,280,20022,0.0288,68766,/home/amos/server/media/movies/Snow White And The Three Stooges (1961)/Snow White And The Three Stooges (1961).mp4
743,544,1280,1,494,636,239,380,20022,0.0288,68766,/home/amos/server/media/movies/Snow White And The Three Stooges (1961)/Snow White And The Three Stooges (1961).mp4
744,544,1280,0,866,922,192,249,3192,0.0046,68912,/home/amos/server/media/movies/Snow White And The Three Stooges (1961)/Snow White And The Three Stooges (1961).mp4
745,544,1280,1,419,466,120,167,2209,0.0032,68912,/home/amos/server/media/movies/Snow White And The Three Stooges (1961)/Snow White And The Three Stooges (1961).mp4
746,544,1280,2,225,264,113,153,1560,0.0022,68912,/home/amos/server/media/movies/Snow White And The Three Stooges (1961)/Snow White And The Three Stooges (1961).mp4
747,544,1280,0,837,894,215,272,3249,0.0047,69058,/home/amos/server/media/movies/Snow White And The Three Stooges (1961)/Snow White And The Three Stooges (1961).mp4
748,544,1280,1,323,370,96,143,2209,0.0032,69058,/home/amos/server/media/movies/Snow White And The Three Stooges (1961)/Snow White And The Three Stooges (1961).mp4
749,544,1280,2,233,272,109,149,1560,0.0022,69058,/home/amos/server/media/movies/Snow White And The Three Stooges (1961)/Snow White And The Three Stooges (1961).mp4
750,544,1280,0,366,413,139,186,2209,0.0032,69204,/home/amos/server/media/movies/Snow White And The Three Stooges (1961)/Snow White And The Three Stooges (1961).mp4
751,544,1280,1,937,984,81,129,2256,0.0032,69204,/home/amos/server/media/movies/Snow White And The Three Stooges (1961)/Snow White And The Three Stooges (1961).mp4
752,544,1280,0,585,684,99,198,9801,0.0141,69642,/home/amos/server/media/movies/Snow White And The Three Stooges (1961)/Snow White And The Three Stooges (1961).mp4
753,544,1280,0,541,659,127,245,13924,0.02,69788,/home/amos/server/media/movies/Snow White And The Three Stooges (1961)/Snow White And The Three Stooges (1961).mp4
754,544,1280,0,353,392,201,241,1560,0.0022,69934,/home/amos/server/media/movies/Snow White And The Three Stooges (1961)/Snow White And The Three Stooges (1961).mp4
755,544,1280,0,443,490,230,277,2209,0.0032,70080,/home/amos/server/media/movies/Snow White And The Three Stooges (1961)/Snow White And The Three Stooges (1961).mp4
756,544,1280,0,451,533,99,181,6724,0.0097,70372,/home/amos/server/media/movies/Snow White And The Three Stooges (1961)/Snow White And The Three Stooges (1961).mp4
757,544,1280,0,1060,1128,185,253,4624,0.0066,70810,/home/amos/server/media/movies/Snow White And The Three Stooges (1961)/Snow White And The Three Stooges (1961).mp4
758,544,1280,1,393,450,186,243,3249,0.0047,70810,/home/amos/server/media/movies/Snow White And The Three Stooges (1961)/Snow White And The Three Stooges (1961).mp4
759,544,1280,2,189,257,213,281,4624,0.0066,70810,/home/amos/server/media/movies/Snow White And The Three Stooges (1961)/Snow White And The Three Stooges (1961).mp4
760,544,1280,0,589,646,112,168,3192,0.0046,70956,/home/amos/server/media/movies/Snow White And The Three Stooges (1961)/Snow White And The Three Stooges (1961).mp4
761,544,1280,1,364,421,215,272,3249,0.0047,70956,/home/amos/server/media/movies/Snow White And The Three Stooges (1961)/Snow White And The Three Stooges (1961).mp4
762,544,1280,0,1046,1114,206,274,4624,0.0066,71102,/home/amos/server/media/movies/Snow White And The Three Stooges (1961)/Snow White And The Three Stooges (1961).mp4
763,544,1280,1,675,757,223,305,6724,0.0097,71102,/home/amos/server/media/movies/Snow White And The Three Stooges (1961)/Snow White And The Three Stooges (1961).mp4
764,544,1280,2,388,444,198,255,3192,0.0046,71102,/home/amos/server/media/movies/Snow White And The Three Stooges (1961)/Snow White And The Three Stooges (1961).mp4
765,544,1280,0,506,624,258,376,13924,0.02,71248,/home/amos/server/media/movies/Snow White And The Three Stooges (1961)/Snow White And The Three Stooges (1961).mp4
766,544,1280,1,119,201,223,305,6724,0.0097,71248,/home/amos/server/media/movies/Snow White And The Three Stooges (1961)/Snow White And The Three Stooges (1961).mp4
767,544,1280,2,1083,1181,219,317,9604,0.0138,71248,/home/amos/server/media/movies/Snow White And The Three Stooges (1961)/Snow White And The Three Stooges (1961).mp4
768,544,1280,0,518,636,270,388,13924,0.02,71394,/home/amos/server/media/movies/Snow White And The Three Stooges (1961)/Snow White And The Three Stooges (1961).mp4
769,544,1280,1,1063,1161,209,307,9604,0.0138,71394,/home/amos/server/media/movies/Snow White And The Three Stooges (1961)/Snow White And The Three Stooges (1961).mp4
770,544,1280,0,744,862,91,209,13924,0.02,71540,/home/amos/server/media/movies/Snow White And The Three Stooges (1961)/Snow White And The Three Stooges (1961).mp4
771,544,1280,1,396,494,259,357,9604,0.0138,71540,/home/amos/server/media/movies/Snow White And The Three Stooges (1961)/Snow White And The Three Stooges (1961).mp4
772,544,1280,2,78,147,109,177,4692,0.0067,71540,/home/amos/server/media/movies/Snow White And The Three Stooges (1961)/Snow White And The Three Stooges (1961).mp4
773,544,1280,0,764,863,109,208,9801,0.0141,71686,/home/amos/server/media/movies/Snow White And The Three Stooges (1961)/Snow White And The Three Stooges (1961).mp4
774,544,1280,1,393,475,273,355,6724,0.0097,71686,/home/amos/server/media/movies/Snow White And The Three Stooges (1961)/Snow White And The Three Stooges (1961).mp4
775,544,1280,2,78,147,109,177,4692,0.0067,71686,/home/amos/server/media/movies/Snow White And The Three Stooges (1961)/Snow White And The Three Stooges (1961).mp4
776,544,1280,0,1083,1181,249,347,9604,0.0138,71832,/home/amos/server/media/movies/Snow White And The Three Stooges (1961)/Snow White And The Three Stooges (1961).mp4
777,544,1280,0,744,843,119,217,9702,0.0139,71978,/home/amos/server/media/movies/Snow White And The Three Stooges (1961)/Snow White And The Three Stooges (1961).mp4
778,544,1280,1,376,475,259,357,9702,0.0139,71978,/home/amos/server/media/movies/Snow White And The Three Stooges (1961)/Snow White And The Three Stooges (1961).mp4
779,544,1280,2,78,147,109,177,4692,0.0067,71978,/home/amos/server/media/movies/Snow White And The Three Stooges (1961)/Snow White And The Three Stooges (1961).mp4
780,544,1280,0,376,475,249,347,9702,0.0139,72124,/home/amos/server/media/movies/Snow White And The Three Stooges (1961)/Snow White And The Three Stooges (1961).mp4
781,544,1280,1,78,147,102,170,4692,0.0067,72124,/home/amos/server/media/movies/Snow White And The Three Stooges (1961)/Snow White And The Three Stooges (1961).mp4
782,544,1280,2,695,793,129,227,9604,0.0138,72124,/home/amos/server/media/movies/Snow White And The Three Stooges (1961)/Snow White And The Three Stooges (1961).mp4
783,544,1280,0,385,467,240,322,6724,0.0097,72270,/home/amos/server/media/movies/Snow White And The Three Stooges (1961)/Snow White And The Three Stooges (1961).mp4
784,544,1280,1,675,773,119,217,9604,0.0138,72270,/home/amos/server/media/movies/Snow White And The Three Stooges (1961)/Snow White And The Three Stooges (1961).mp4
785,544,1280,2,78,147,95,164,4761,0.0068,72270,/home/amos/server/media/movies/Snow White And The Three Stooges (1961)/Snow White And The Three Stooges (1961).mp4
786,544,1280,0,255,303,120,167,2256,0.0032,72416,/home/amos/server/media/movies/Snow White And The Three Stooges (1961)/Snow White And The Three Stooges (1961).mp4
787,544,1280,1,514,582,220,288,4624,0.0066,72416,/home/amos/server/media/movies/Snow White And The Three Stooges (1961)/Snow White And The Three Stooges (1961).mp4
788,544,1280,2,975,1032,140,197,3249,0.0047,72416,/home/amos/server/media/movies/Snow White And The Three Stooges (1961)/Snow White And The Three Stooges (1961).mp4
789,544,1280,0,768,825,186,243,3249,0.0047,72562,/home/amos/server/media/movies/Snow White And The Three Stooges (1961)/Snow White And The Three Stooges (1961).mp4
790,544,1280,1,215,272,227,284,3249,0.0047,72562,/home/amos/server/media/movies/Snow White And The Three Stooges (1961)/Snow White And The Three Stooges (1961).mp4
791,544,1280,0,750,797,177,225,2256,0.0032,72708,/home/amos/server/media/movies/Snow White And The Three Stooges (1961)/Snow White And The Three Stooges (1961).mp4
792,544,1280,1,209,266,233,289,3192,0.0046,72708,/home/amos/server/media/movies/Snow White And The Three Stooges (1961)/Snow White And The Three Stooges (1961).mp4
793,544,1280,2,637,676,85,125,1560,0.0022,72708,/home/amos/server/media/movies/Snow White And The Three Stooges (1961)/Snow White And The Three Stooges (1961).mp4
794,544,1280,0,503,560,175,232,3249,0.0047,72854,/home/amos/server/media/movies/Snow White And The Three Stooges (1961)/Snow White And The Three Stooges (1961).mp4
795,544,1280,1,434,490,152,209,3192,0.0046,72854,/home/amos/server/media/movies/Snow White And The Three Stooges (1961)/Snow White And The Three Stooges (1961).mp4
796,544,1280,2,1065,1147,157,239,6724,0.0097,72854,/home/amos/server/media/movies/Snow White And The Three Stooges (1961)/Snow White And The Three Stooges (1961).mp4
797,544,1280,3,401,440,81,121,1560,0.0022,72854,/home/amos/server/media/movies/Snow White And The Three Stooges (1961)/Snow White And The Three Stooges (1961).mp4
798,544,1280,0,625,723,159,257,9604,0.0138,73000,/home/amos/server/media/movies/Snow White And The Three Stooges (1961)/Snow White And The Three Stooges (1961).mp4
799,544,1280,0,537,594,244,301,3249,0.0047,73584,/home/amos/server/media/movies/Snow White And The Three Stooges (1961)/Snow White And The Three Stooges (1961).mp4
800,544,1280,1,589,628,117,157,1560,0.0022,73584,/home/amos/server/media/movies/Snow White And The Three Stooges (1961)/Snow White And The Three Stooges (1961).mp4
801,544,1280,0,716,773,163,220,3249,0.0047,73730,/home/amos/server/media/movies/Snow White And The Three Stooges (1961)/Snow White And The Three Stooges (1961).mp4
802,544,1280,1,485,542,135,191,3192,0.0046,73730,/home/amos/server/media/movies/Snow White And The Three Stooges (1961)/Snow White And The Three Stooges (1961).mp4
803,544,1280,0,423,564,138,280,20022,0.0288,73876,/home/amos/server/media/movies/Snow White And The Three Stooges (1961)/Snow White And The Three Stooges (1961).mp4
804,544,1280,0,451,593,138,280,20164,0.029,74022,/home/amos/server/media/movies/Snow White And The Three Stooges (1961)/Snow White And The Three Stooges (1961).mp4
805,544,1280,0,446,564,151,269,13924,0.02,74168,/home/amos/server/media/movies/Snow White And The Three Stooges (1961)/Snow White And The Three Stooges (1961).mp4
806,544,1280,0,709,851,138,280,20164,0.029,74314,/home/amos/server/media/movies/Snow White And The Three Stooges (1961)/Snow White And The Three Stooges (1961).mp4
807,544,1280,0,709,851,138,280,20164,0.029,74460,/home/amos/server/media/movies/Snow White And The Three Stooges (1961)/Snow White And The Three Stooges (1961).mp4
808,544,1280,0,423,564,124,265,19881,0.0286,74606,/home/amos/server/media/movies/Snow White And The Three Stooges (1961)/Snow White And The Three Stooges (1961).mp4
809,544,1280,0,709,851,138,280,20164,0.029,74752,/home/amos/server/media/movies/Snow White And The Three Stooges (1961)/Snow White And The Three Stooges (1961).mp4
810,544,1280,0,446,564,151,269,13924,0.02,74898,/home/amos/server/media/movies/Snow White And The Three Stooges (1961)/Snow White And The Three Stooges (1961).mp4
811,544,1280,0,458,576,151,269,13924,0.02,75044,/home/amos/server/media/movies/Snow White And The Three Stooges (1961)/Snow White And The Three Stooges (1961).mp4
812,544,1280,0,458,576,151,269,13924,0.02,75190,/home/amos/server/media/movies/Snow White And The Three Stooges (1961)/Snow White And The Three Stooges (1961).mp4
813,544,1280,0,724,865,124,265,19881,0.0286,75336,/home/amos/server/media/movies/Snow White And The Three Stooges (1961)/Snow White And The Three Stooges (1961).mp4
814,544,1280,0,775,856,141,222,6561,0.0094,75482,/home/amos/server/media/movies/Snow White And The Three Stooges (1961)/Snow White And The Three Stooges (1961).mp4
815,544,1280,1,484,566,132,214,6724,0.0097,75482,/home/amos/server/media/movies/Snow White And The Three Stooges (1961)/Snow White And The Three Stooges (1961).mp4
816,544,1280,0,756,824,157,226,4692,0.0067,75628,/home/amos/server/media/movies/Snow White And The Three Stooges (1961)/Snow White And The Three Stooges (1961).mp4
817,544,1280,1,468,550,124,206,6724,0.0097,75628,/home/amos/server/media/movies/Snow White And The Three Stooges (1961)/Snow White And The Three Stooges (1961).mp4
818,544,1280,0,776,845,164,233,4761,0.0068,75774,/home/amos/server/media/movies/Snow White And The Three Stooges (1961)/Snow White And The Three Stooges (1961).mp4
819,544,1280,1,459,541,124,206,6724,0.0097,75774,/home/amos/server/media/movies/Snow White And The Three Stooges (1961)/Snow White And The Three Stooges (1961).mp4
820,544,1280,0,781,922,239,380,19881,0.0286,75920,/home/amos/server/media/movies/Snow White And The Three Stooges (1961)/Snow White And The Three Stooges (1961).mp4
821,544,1280,1,410,528,139,257,13924,0.02,75920,/home/amos/server/media/movies/Snow White And The Three Stooges (1961)/Snow White And The Three Stooges (1961).mp4
822,544,1280,0,652,793,138,280,20022,0.0288,76066,/home/amos/server/media/movies/Snow White And The Three Stooges (1961)/Snow White And The Three Stooges (1961).mp4
823,544,1280,0,458,576,151,269,13924,0.02,76212,/home/amos/server/media/movies/Snow White And The Three Stooges (1961)/Snow White And The Three Stooges (1961).mp4
824,544,1280,0,480,621,138,280,20022,0.0288,76358,/home/amos/server/media/movies/Snow White And The Three Stooges (1961)/Snow White And The Three Stooges (1961).mp4
825,544,1280,0,695,836,138,280,20022,0.0288,76504,/home/amos/server/media/movies/Snow White And The Three Stooges (1961)/Snow White And The Three Stooges (1961).mp4
826,544,1280,0,695,836,138,280,20022,0.0288,76650,/home/amos/server/media/movies/Snow White And The Three Stooges (1961)/Snow White And The Three Stooges (1961).mp4
827,544,1280,0,482,600,151,269,13924,0.02,76796,/home/amos/server/media/movies/Snow White And The Three Stooges (1961)/Snow White And The Three Stooges (1961).mp4
828,544,1280,0,458,628,125,295,28900,0.0415,76942,/home/amos/server/media/movies/Snow White And The Three Stooges (1961)/Snow White And The Three Stooges (1961).mp4
829,544,1280,0,695,836,138,280,20022,0.0288,77088,/home/amos/server/media/movies/Snow White And The Three Stooges (1961)/Snow White And The Three Stooges (1961).mp4
830,544,1280,0,494,612,151,269,13924,0.02,77234,/home/amos/server/media/movies/Snow White And The Three Stooges (1961)/Snow White And The Three Stooges (1961).mp4
831,544,1280,0,728,796,157,226,4692,0.0067,77380,/home/amos/server/media/movies/Snow White And The Three Stooges (1961)/Snow White And The Three Stooges (1961).mp4
832,544,1280,1,501,583,141,222,6642,0.0095,77380,/home/amos/server/media/movies/Snow White And The Three Stooges (1961)/Snow White And The Three Stooges (1961).mp4
833,544,1280,0,526,608,157,239,6724,0.0097,77526,/home/amos/server/media/movies/Snow White And The Three Stooges (1961)/Snow White And The Three Stooges (1961).mp4
834,544,1280,1,721,789,171,240,4692,0.0067,77526,/home/amos/server/media/movies/Snow White And The Three Stooges (1961)/Snow White And The Three Stooges (1961).mp4
835,544,1280,0,643,847,158,362,41616,0.0598,78402,/home/amos/server/media/movies/Snow White And The Three Stooges (1961)/Snow White And The Three Stooges (1961).mp4
836,544,1280,0,441,611,177,347,28900,0.0415,78548,/home/amos/server/media/movies/Snow White And The Three Stooges (1961)/Snow White And The Three Stooges (1961).mp4
837,544,1280,0,667,749,215,297,6724,0.0097,78694,/home/amos/server/media/movies/Snow White And The Three Stooges (1961)/Snow White And The Three Stooges (1961).mp4
838,544,1280,1,486,584,129,227,9604,0.0138,78694,/home/amos/server/media/movies/Snow White And The Three Stooges (1961)/Snow White And The Three Stooges (1961).mp4
839,544,1280,0,501,583,141,222,6642,0.0095,78840,/home/amos/server/media/movies/Snow White And The Three Stooges (1961)/Snow White And The Three Stooges (1961).mp4
840,544,1280,1,650,732,207,289,6724,0.0097,78840,/home/amos/server/media/movies/Snow White And The Three Stooges (1961)/Snow White And The Three Stooges (1961).mp4
841,544,1280,0,509,591,132,214,6724,0.0097,78986,/home/amos/server/media/movies/Snow White And The Three Stooges (1961)/Snow White And The Three Stooges (1961).mp4
842,544,1280,1,655,753,199,297,9604,0.0138,78986,/home/amos/server/media/movies/Snow White And The Three Stooges (1961)/Snow White And The Three Stooges (1961).mp4
843,544,1280,0,595,652,204,261,3249,0.0047,79132,/home/amos/server/media/movies/Snow White And The Three Stooges (1961)/Snow White And The Three Stooges (1961).mp4
844,544,1280,0,425,464,181,221,1560,0.0022,79278,/home/amos/server/media/movies/Snow White And The Three Stooges (1961)/Snow White And The Three Stooges (1961).mp4
845,544,1280,1,733,790,204,261,3249,0.0047,79278,/home/amos/server/media/movies/Snow White And The Three Stooges (1961)/Snow White And The Three Stooges (1961).mp4
846,544,1280,2,583,640,181,238,3249,0.0047,79278,/home/amos/server/media/movies/Snow White And The Three Stooges (1961)/Snow White And The Three Stooges (1961).mp4
847,544,1280,3,922,990,171,240,4692,0.0067,79278,/home/amos/server/media/movies/Snow White And The Three Stooges (1961)/Snow White And The Three Stooges (1961).mp4
848,544,1280,0,452,500,168,215,2256,0.0032,79424,/home/amos/server/media/movies/Snow White And The Three Stooges (1961)/Snow White And The Three Stooges (1961).mp4
849,544,1280,1,756,813,198,255,3249,0.0047,79424,/home/amos/server/media/movies/Snow White And The Three Stooges (1961)/Snow White And The Three Stooges (1961).mp4
850,544,1280,2,940,997,169,226,3249,0.0047,79424,/home/amos/server/media/movies/Snow White And The Three Stooges (1961)/Snow White And The Three Stooges (1961).mp4
851,544,1280,3,601,658,163,220,3249,0.0047,79424,/home/amos/server/media/movies/Snow White And The Three Stooges (1961)/Snow White And The Three Stooges (1961).mp4
852,544,1280,4,295,352,100,157,3249,0.0047,79424,/home/amos/server/media/movies/Snow White And The Three Stooges (1961)/Snow White And The Three Stooges (1961).mp4
853,544,1280,0,249,306,89,145,3192,0.0046,79570,/home/amos/server/media/movies/Snow White And The Three Stooges (1961)/Snow White And The Three Stooges (1961).mp4
854,544,1280,1,500,548,192,239,2256,0.0032,79570,/home/amos/server/media/movies/Snow White And The Three Stooges (1961)/Snow White And The Three Stooges (1961).mp4
855,544,1280,2,824,906,215,297,6724,0.0097,79570,/home/amos/server/media/movies/Snow White And The Three Stooges (1961)/Snow White And The Three Stooges (1961).mp4
856,544,1280,3,664,721,181,238,3249,0.0047,79570,/home/amos/server/media/movies/Snow White And The Three Stooges (1961)/Snow White And The Three Stooges (1961).mp4
857,544,1280,4,733,790,227,284,3249,0.0047,79570,/home/amos/server/media/movies/Snow White And The Three Stooges (1961)/Snow White And The Three Stooges (1961).mp4
858,544,1280,0,414,461,125,172,2209,0.0032,79716,/home/amos/server/media/movies/Snow White And The Three Stooges (1961)/Snow White And The Three Stooges (1961).mp4
859,544,1280,0,491,538,110,158,2256,0.0032,79862,/home/amos/server/media/movies/Snow White And The Three Stooges (1961)/Snow White And The Three Stooges (1961).mp4
860,544,1280,0,798,845,81,129,2256,0.0032,80300,/home/amos/server/media/movies/Snow White And The Three Stooges (1961)/Snow White And The Three Stooges (1961).mp4
861,544,1280,0,629,686,106,163,3249,0.0047,80592,/home/amos/server/media/movies/Snow White And The Three Stooges (1961)/Snow White And The Three Stooges (1961).mp4
862,544,1280,0,652,709,106,163,3249,0.0047,80738,/home/amos/server/media/movies/Snow White And The Three Stooges (1961)/Snow White And The Three Stooges (1961).mp4
863,544,1280,1,474,531,152,209,3249,0.0047,80738,/home/amos/server/media/movies/Snow White And The Three Stooges (1961)/Snow White And The Three Stooges (1961).mp4
864,544,1280,2,998,1066,102,170,4624,0.0066,80738,/home/amos/server/media/movies/Snow White And The Three Stooges (1961)/Snow White And The Three Stooges (1961).mp4
865,544,1280,0,649,767,115,233,13924,0.02,80884,/home/amos/server/media/movies/Snow White And The Three Stooges (1961)/Snow White And The Three Stooges (1961).mp4
866,544,1280,0,613,783,229,398,28730,0.0413,81030,/home/amos/server/media/movies/Snow White And The Three Stooges (1961)/Snow White And The Three Stooges (1961).mp4
867,544,1280,1,768,886,79,197,13924,0.02,81030,/home/amos/server/media/movies/Snow White And The Three Stooges (1961)/Snow White And The Three Stooges (1961).mp4
868,544,1280,0,685,783,139,237,9604,0.0138,81176,/home/amos/server/media/movies/Snow White And The Three Stooges (1961)/Snow White And The Three Stooges (1961).mp4
869,544,1280,1,1055,1173,163,281,13924,0.02,81176,/home/amos/server/media/movies/Snow White And The Three Stooges (1961)/Snow White And The Three Stooges (1961).mp4
870,544,1280,0,745,802,135,191,3192,0.0046,81322,/home/amos/server/media/movies/Snow White And The Three Stooges (1961)/Snow White And The Three Stooges (1961).mp4
871,544,1280,1,451,508,135,191,3192,0.0046,81322,/home/amos/server/media/movies/Snow White And The Three Stooges (1961)/Snow White And The Three Stooges (1961).mp4
872,544,1280,2,970,1038,116,184,4624,0.0066,81322,/home/amos/server/media/movies/Snow White And The Three Stooges (1961)/Snow White And The Three Stooges (1961).mp4
873,544,1280,0,553,600,134,182,2256,0.0032,81468,/home/amos/server/media/movies/Snow White And The Three Stooges (1961)/Snow White And The Three Stooges (1961).mp4
874,544,1280,0,561,600,137,177,1560,0.0022,81614,/home/amos/server/media/movies/Snow White And The Three Stooges (1961)/Snow White And The Three Stooges (1961).mp4
875,544,1280,0,685,803,246,364,13924,0.02,81760,/home/amos/server/media/movies/Snow White And The Three Stooges (1961)/Snow White And The Three Stooges (1961).mp4
876,544,1280,0,541,610,199,267,4692,0.0067,83074,/home/amos/server/media/movies/Snow White And The Three Stooges (1961)/Snow White And The Three Stooges (1961).mp4
877,544,1280,1,949,1031,207,289,6724,0.0097,83074,/home/amos/server/media/movies/Snow White And The Three Stooges (1961)/Snow White And The Three Stooges (1961).mp4
878,544,1280,2,457,514,198,255,3249,0.0047,83074,/home/amos/server/media/movies/Snow White And The Three Stooges (1961)/Snow White And The Three Stooges (1961).mp4
879,544,1280,0,866,935,199,267,4692,0.0067,83220,/home/amos/server/media/movies/Snow White And The Three Stooges (1961)/Snow White And The Three Stooges (1961).mp4
880,544,1280,1,503,560,146,203,3249,0.0047,83220,/home/amos/server/media/movies/Snow White And The Three Stooges (1961)/Snow White And The Three Stooges (1961).mp4
881,544,1280,2,313,382,116,184,4692,0.0067,83220,/home/amos/server/media/movies/Snow White And The Three Stooges (1961)/Snow White And The Three Stooges (1961).mp4
882,544,1280,3,650,732,174,256,6724,0.0097,83220,/home/amos/server/media/movies/Snow White And The Three Stooges (1961)/Snow White And The Three Stooges (1961).mp4
883,544,1280,0,352,433,124,206,6642,0.0095,83366,/home/amos/server/media/movies/Snow White And The Three Stooges (1961)/Snow White And The Three Stooges (1961).mp4
884,544,1280,1,497,554,123,180,3249,0.0047,83366,/home/amos/server/media/movies/Snow White And The Three Stooges (1961)/Snow White And The Three Stooges (1961).mp4
885,544,1280,2,650,732,165,247,6724,0.0097,83366,/home/amos/server/media/movies/Snow White And The Three Stooges (1961)/Snow White And The Three Stooges (1961).mp4
886,544,1280,0,443,525,141,222,6642,0.0095,83658,/home/amos/server/media/movies/Snow White And The Three Stooges (1961)/Snow White And The Three Stooges (1961).mp4
887,544,1280,1,565,683,151,269,13924,0.02,83658,/home/amos/server/media/movies/Snow White And The Three Stooges (1961)/Snow White And The Three Stooges (1961).mp4
888,544,1280,2,849,931,107,189,6724,0.0097,83658,/home/amos/server/media/movies/Snow White And The Three Stooges (1961)/Snow White And The Three Stooges (1961).mp4
889,544,1280,0,1079,1136,123,180,3249,0.0047,83804,/home/amos/server/media/movies/Snow White And The Three Stooges (1961)/Snow White And The Three Stooges (1961).mp4
890,544,1280,1,313,370,198,255,3249,0.0047,83804,/home/amos/server/media/movies/Snow White And The Three Stooges (1961)/Snow White And The Three Stooges (1961).mp4
891,544,1280,2,836,884,163,210,2256,0.0032,83804,/home/amos/server/media/movies/Snow White And The Three Stooges (1961)/Snow White And The Three Stooges (1961).mp4
892,544,1280,0,1067,1135,144,212,4624,0.0066,83950,/home/amos/server/media/movies/Snow White And The Three Stooges (1961)/Snow White And The Three Stooges (1961).mp4
893,544,1280,0,664,721,123,180,3249,0.0047,84096,/home/amos/server/media/movies/Snow White And The Three Stooges (1961)/Snow White And The Three Stooges (1961).mp4
894,544,1280,1,846,914,213,281,4624,0.0066,84096,/home/amos/server/media/movies/Snow White And The Three Stooges (1961)/Snow White And The Three Stooges (1961).mp4
895,544,1280,2,559,641,223,305,6724,0.0097,84096,/home/amos/server/media/movies/Snow White And The Three Stooges (1961)/Snow White And The Three Stooges (1961).mp4
896,544,1280,3,293,375,91,173,6724,0.0097,84096,/home/amos/server/media/movies/Snow White And The Three Stooges (1961)/Snow White And The Three Stooges (1961).mp4
897,544,1280,0,832,900,213,281,4624,0.0066,84242,/home/amos/server/media/movies/Snow White And The Three Stooges (1961)/Snow White And The Three Stooges (1961).mp4
898,544,1280,1,664,721,123,180,3249,0.0047,84242,/home/amos/server/media/movies/Snow White And The Three Stooges (1961)/Snow White And The Three Stooges (1961).mp4
899,544,1280,2,302,384,82,164,6724,0.0097,84242,/home/amos/server/media/movies/Snow White And The Three Stooges (1961)/Snow White And The Three Stooges (1961).mp4
900,544,1280,3,559,641,215,297,6724,0.0097,84242,/home/amos/server/media/movies/Snow White And The Three Stooges (1961)/Snow White And The Three Stooges (1961).mp4
901,544,1280,0,352,433,165,247,6642,0.0095,84388,/home/amos/server/media/movies/Snow White And The Three Stooges (1961)/Snow White And The Three Stooges (1961).mp4
902,544,1280,1,912,1030,91,209,13924,0.02,84388,/home/amos/server/media/movies/Snow White And The Three Stooges (1961)/Snow White And The Three Stooges (1961).mp4
903,544,1280,2,523,664,110,251,19881,0.0286,84388,/home/amos/server/media/movies/Snow White And The Three Stooges (1961)/Snow White And The Three Stooges (1961).mp4
904,544,1280,0,565,664,169,267,9702,0.0139,84534,/home/amos/server/media/movies/Snow White And The Three Stooges (1961)/Snow White And The Three Stooges (1961).mp4
905,544,1280,1,934,1032,139,237,9604,0.0138,84534,/home/amos/server/media/movies/Snow White And The Three Stooges (1961)/Snow White And The Three Stooges (1961).mp4
906,544,1280,2,637,755,139,257,13924,0.02,84534,/home/amos/server/media/movies/Snow White And The Three Stooges (1961)/Snow White And The Three Stooges (1961).mp4
907,544,1280,0,879,927,115,162,2256,0.0032,84680,/home/amos/server/media/movies/Snow White And The Three Stooges (1961)/Snow White And The Three Stooges (1961).mp4
908,544,1280,1,497,536,149,189,1560,0.0022,84680,/home/amos/server/media/movies/Snow White And The Three Stooges (1961)/Snow White And The Three Stooges (1961).mp4
909,544,1280,2,663,711,91,138,2256,0.0032,84680,/home/amos/server/media/movies/Snow White And The Three Stooges (1961)/Snow White And The Three Stooges (1961).mp4
910,544,1280,3,177,216,117,157,1560,0.0022,84680,/home/amos/server/media/movies/Snow White And The Three Stooges (1961)/Snow White And The Three Stooges (1961).mp4
911,544,1280,4,992,1049,100,157,3249,0.0047,84680,/home/amos/server/media/movies/Snow White And The Three Stooges (1961)/Snow White And The Three Stooges (1961).mp4
912,544,1280,0,817,864,129,177,2256,0.0032,84826,/home/amos/server/media/movies/Snow White And The Three Stooges (1961)/Snow White And The Three Stooges (1961).mp4
913,544,1280,1,659,706,149,196,2209,0.0032,84826,/home/amos/server/media/movies/Snow White And The Three Stooges (1961)/Snow White And The Three Stooges (1961).mp4
914,544,1280,0,673,791,139,257,13924,0.02,85118,/home/amos/server/media/movies/Snow White And The Three Stooges (1961)/Snow White And The Three Stooges (1961).mp4
915,544,1280,0,445,484,213,253,1560,0.0022,85410,/home/amos/server/media/movies/Snow White And The Three Stooges (1961)/Snow White And The Three Stooges (1961).mp4
916,544,1280,0,503,560,117,174,3249,0.0047,85556,/home/amos/server/media/movies/Snow White And The Three Stooges (1961)/Snow White And The Three Stooges (1961).mp4
917,544,1280,0,796,853,129,186,3249,0.0047,85702,/home/amos/server/media/movies/Snow White And The Three Stooges (1961)/Snow White And The Three Stooges (1961).mp4
918,544,1280,0,707,776,157,226,4761,0.0068,85848,/home/amos/server/media/movies/Snow White And The Three Stooges (1961)/Snow White And The Three Stooges (1961).mp4
919,544,1280,0,624,693,268,336,4692,0.0067,85994,/home/amos/server/media/movies/Snow White And The Three Stooges (1961)/Snow White And The Three Stooges (1961).mp4
920,544,1280,0,605,703,109,208,9702,0.0139,86140,/home/amos/server/media/movies/Snow White And The Three Stooges (1961)/Snow White And The Three Stooges (1961).mp4
921,544,1280,0,437,578,196,337,19881,0.0286,86432,/home/amos/server/media/movies/Snow White And The Three Stooges (1961)/Snow White And The Three Stooges (1961).mp4
922,544,1280,0,572,620,192,239,2256,0.0032,87016,/home/amos/server/media/movies/Snow White And The Three Stooges (1961)/Snow White And The Three Stooges (1961).mp4
923,544,1280,1,731,778,144,191,2209,0.0032,87016,/home/amos/server/media/movies/Snow White And The Three Stooges (1961)/Snow White And The Three Stooges (1961).mp4
924,544,1280,0,277,316,133,173,1560,0.0022,87308,/home/amos/server/media/movies/Snow White And The Three Stooges (1961)/Snow White And The Three Stooges (1961).mp4
925,544,1280,0,741,823,116,198,6724,0.0097,87454,/home/amos/server/media/movies/Snow White And The Three Stooges (1961)/Snow White And The Three Stooges (1961).mp4
926,544,1280,0,625,723,109,208,9702,0.0139,87600,/home/amos/server/media/movies/Snow White And The Three Stooges (1961)/Snow White And The Three Stooges (1961).mp4
927,544,1280,0,302,384,132,214,6724,0.0097,87746,/home/amos/server/media/movies/Snow White And The Three Stooges (1961)/Snow White And The Three Stooges (1961).mp4
928,544,1280,1,559,641,157,239,6724,0.0097,87746,/home/amos/server/media/movies/Snow White And The Three Stooges (1961)/Snow White And The Three Stooges (1961).mp4
929,544,1280,0,755,802,134,182,2256,0.0032,87892,/home/amos/server/media/movies/Snow White And The Three Stooges (1961)/Snow White And The Three Stooges (1961).mp4
930,544,1280,1,232,289,169,226,3249,0.0047,87892,/home/amos/server/media/movies/Snow White And The Three Stooges (1961)/Snow White And The Three Stooges (1961).mp4
931,544,1280,0,824,906,215,297,6724,0.0097,88330,/home/amos/server/media/movies/Snow White And The Three Stooges (1961)/Snow White And The Three Stooges (1961).mp4
932,544,1280,0,906,963,215,272,3249,0.0047,88476,/home/amos/server/media/movies/Snow White And The Three Stooges (1961)/Snow White And The Three Stooges (1961).mp4
933,544,1280,0,728,796,185,253,4624,0.0066,89060,/home/amos/server/media/movies/Snow White And The Three Stooges (1961)/Snow White And The Three Stooges (1961).mp4
934,544,1280,1,472,541,178,246,4692,0.0067,89060,/home/amos/server/media/movies/Snow White And The Three Stooges (1961)/Snow White And The Three Stooges (1961).mp4
935,544,1280,0,631,700,88,157,4761,0.0068,89206,/home/amos/server/media/movies/Snow White And The Three Stooges (1961)/Snow White And The Three Stooges (1961).mp4
936,544,1280,1,864,982,115,233,13924,0.02,89206,/home/amos/server/media/movies/Snow White And The Three Stooges (1961)/Snow White And The Three Stooges (1961).mp4
937,544,1280,2,486,584,199,297,9604,0.0138,89206,/home/amos/server/media/movies/Snow White And The Three Stooges (1961)/Snow White And The Three Stooges (1961).mp4
938,544,1280,0,618,675,100,157,3249,0.0047,89352,/home/amos/server/media/movies/Snow White And The Three Stooges (1961)/Snow White And The Three Stooges (1961).mp4
939,544,1280,1,458,576,211,328,13806,0.0198,89352,/home/amos/server/media/movies/Snow White And The Three Stooges (1961)/Snow White And The Three Stooges (1961).mp4
940,544,1280,0,526,608,182,264,6724,0.0097,89498,/home/amos/server/media/movies/Snow White And The Three Stooges (1961)/Snow White And The Three Stooges (1961).mp4
941,544,1280,1,267,365,179,277,9604,0.0138,89498,/home/amos/server/media/movies/Snow White And The Three Stooges (1961)/Snow White And The Three Stooges (1961).mp4
942,544,1280,2,804,922,175,293,13924,0.02,89498,/home/amos/server/media/movies/Snow White And The Three Stooges (1961)/Snow White And The Three Stooges (1961).mp4
943,544,1280,0,287,385,189,287,9604,0.0138,89644,/home/amos/server/media/movies/Snow White And The Three Stooges (1961)/Snow White And The Three Stooges (1961).mp4
944,544,1280,1,496,594,169,267,9604,0.0138,89644,/home/amos/server/media/movies/Snow White And The Three Stooges (1961)/Snow White And The Three Stooges (1961).mp4
945,544,1280,2,804,903,149,247,9702,0.0139,89644,/home/amos/server/media/movies/Snow White And The Three Stooges (1961)/Snow White And The Three Stooges (1961).mp4
946,544,1280,0,814,912,179,277,9604,0.0138,89790,/home/amos/server/media/movies/Snow White And The Three Stooges (1961)/Snow White And The Three Stooges (1961).mp4
947,544,1280,1,486,584,159,257,9604,0.0138,89790,/home/amos/server/media/movies/Snow White And The Three Stooges (1961)/Snow White And The Three Stooges (1961).mp4
948,544,1280,2,227,325,189,287,9604,0.0138,89790,/home/amos/server/media/movies/Snow White And The Three Stooges (1961)/Snow White And The Three Stooges (1961).mp4
949,544,1280,0,624,693,95,164,4761,0.0068,89936,/home/amos/server/media/movies/Snow White And The Three Stooges (1961)/Snow White And The Three Stooges (1961).mp4
950,544,1280,1,912,1030,127,245,13924,0.02,89936,/home/amos/server/media/movies/Snow White And The Three Stooges (1961)/Snow White And The Three Stooges (1961).mp4
951,544,1280,2,506,624,199,317,13924,0.02,89936,/home/amos/server/media/movies/Snow White And The Three Stooges (1961)/Snow White And The Three Stooges (1961).mp4
952,544,1280,0,313,352,141,181,1560,0.0022,90082,/home/amos/server/media/movies/Snow White And The Three Stooges (1961)/Snow White And The Three Stooges (1961).mp4
953,544,1280,1,965,1004,105,145,1560,0.0022,90082,/home/amos/server/media/movies/Snow White And The Three Stooges (1961)/Snow White And The Three Stooges (1961).mp4
954,544,1280,0,832,900,171,240,4692,0.0067,90520,/home/amos/server/media/movies/Snow White And The Three Stooges (1961)/Snow White And The Three Stooges (1961).mp4
955,544,1280,0,631,700,240,309,4761,0.0068,90812,/home/amos/server/media/movies/Snow White And The Three Stooges (1961)/Snow White And The Three Stooges (1961).mp4
956,544,1280,0,557,596,189,229,1560,0.0022,91396,/home/amos/server/media/movies/Snow White And The Three Stooges (1961)/Snow White And The Three Stooges (1961).mp4
957,544,1280,0,635,692,209,266,3249,0.0047,91834,/home/amos/server/media/movies/Snow White And The Three Stooges (1961)/Snow White And The Three Stooges (1961).mp4
958,544,1280,0,557,596,165,205,1560,0.0022,92272,/home/amos/server/media/movies/Snow White And The Three Stooges (1961)/Snow White And The Three Stooges (1961).mp4
959,544,1280,0,866,948,82,164,6724,0.0097,92564,/home/amos/server/media/movies/Snow White And The Three Stooges (1961)/Snow White And The Three Stooges (1961).mp4
960,544,1280,1,569,637,234,302,4624,0.0066,92564,/home/amos/server/media/movies/Snow White And The Three Stooges (1961)/Snow White And The Three Stooges (1961).mp4
961,544,1280,0,386,504,258,376,13924,0.02,92710,/home/amos/server/media/movies/Snow White And The Three Stooges (1961)/Snow White And The Three Stooges (1961).mp4
962,544,1280,1,565,664,259,357,9702,0.0139,92710,/home/amos/server/media/movies/Snow White And The Three Stooges (1961)/Snow White And The Three Stooges (1961).mp4
963,544,1280,2,768,886,199,317,13924,0.02,92710,/home/amos/server/media/movies/Snow White And The Three Stooges (1961)/Snow White And The Three Stooges (1961).mp4
964,544,1280,0,398,516,234,352,13924,0.02,92856,/home/amos/server/media/movies/Snow White And The Three Stooges (1961)/Snow White And The Three Stooges (1961).mp4
965,544,1280,1,764,863,219,317,9702,0.0139,92856,/home/amos/server/media/movies/Snow White And The Three Stooges (1961)/Snow White And The Three Stooges (1961).mp4
966,544,1280,2,575,674,278,377,9801,0.0141,92856,/home/amos/server/media/movies/Snow White And The Three Stooges (1961)/Snow White And The Three Stooges (1961).mp4
967,544,1280,0,858,939,91,173,6642,0.0095,93002,/home/amos/server/media/movies/Snow White And The Three Stooges (1961)/Snow White And The Three Stooges (1961).mp4
968,544,1280,1,551,633,223,305,6724,0.0097,93002,/home/amos/server/media/movies/Snow White And The Three Stooges (1961)/Snow White And The Three Stooges (1961).mp4
969,544,1280,0,858,939,91,173,6642,0.0095,93148,/home/amos/server/media/movies/Snow White And The Three Stooges (1961)/Snow White And The Three Stooges (1961).mp4
970,544,1280,1,542,624,215,297,6724,0.0097,93148,/home/amos/server/media/movies/Snow White And The Three Stooges (1961)/Snow White And The Three Stooges (1961).mp4
971,544,1280,0,526,624,268,367,9702,0.0139,93294,/home/amos/server/media/movies/Snow White And The Three Stooges (1961)/Snow White And The Three Stooges (1961).mp4
972,544,1280,1,768,886,163,281,13924,0.02,93294,/home/amos/server/media/movies/Snow White And The Three Stooges (1961)/Snow White And The Three Stooges (1961).mp4
973,544,1280,2,326,425,249,347,9702,0.0139,93294,/home/amos/server/media/movies/Snow White And The Three Stooges (1961)/Snow White And The Three Stooges (1961).mp4
974,544,1280,0,545,644,278,377,9801,0.0141,93440,/home/amos/server/media/movies/Snow White And The Three Stooges (1961)/Snow White And The Three Stooges (1961).mp4
975,544,1280,1,326,444,234,352,13924,0.02,93440,/home/amos/server/media/movies/Snow White And The Three Stooges (1961)/Snow White And The Three Stooges (1961).mp4
976,544,1280,2,784,883,159,257,9702,0.0139,93440,/home/amos/server/media/movies/Snow White And The Three Stooges (1961)/Snow White And The Three Stooges (1961).mp4
977,544,1280,0,601,719,318,436,13924,0.02,93586,/home/amos/server/media/movies/Snow White And The Three Stooges (1961)/Snow White And The Three Stooges (1961).mp4
978,544,1280,1,816,934,139,257,13924,0.02,93586,/home/amos/server/media/movies/Snow White And The Three Stooges (1961)/Snow White And The Three Stooges (1961).mp4
979,544,1280,0,500,568,171,240,4692,0.0067,94024,/home/amos/server/media/movies/Snow White And The Three Stooges (1961)/Snow White And The Three Stooges (1961).mp4
980,544,1280,0,468,525,83,140,3249,0.0047,94170,/home/amos/server/media/movies/Snow White And The Three Stooges (1961)/Snow White And The Three Stooges (1961).mp4
981,544,1280,0,601,658,140,197,3249,0.0047,94462,/home/amos/server/media/movies/Snow White And The Three Stooges (1961)/Snow White And The Three Stooges (1961).mp4
982,544,1280,0,756,824,123,191,4624,0.0066,95046,/home/amos/server/media/movies/Snow White And The Three Stooges (1961)/Snow White And The Three Stooges (1961).mp4
983,544,1280,0,507,575,151,219,4624,0.0066,95192,/home/amos/server/media/movies/Snow White And The Three Stooges (1961)/Snow White And The Three Stooges (1961).mp4
984,544,1280,1,749,817,123,191,4624,0.0066,95192,/home/amos/server/media/movies/Snow White And The Three Stooges (1961)/Snow White And The Three Stooges (1961).mp4
985,544,1280,2,844,942,159,257,9604,0.0138,95192,/home/amos/server/media/movies/Snow White And The Three Stooges (1961)/Snow White And The Three Stooges (1961).mp4
986,544,1280,3,302,384,174,256,6724,0.0097,95192,/home/amos/server/media/movies/Snow White And The Three Stooges (1961)/Snow White And The Three Stooges (1961).mp4
987,544,1280,0,529,576,206,254,2256,0.0032,95338,/home/amos/server/media/movies/Snow White And The Three Stooges (1961)/Snow White And The Three Stooges (1961).mp4
988,544,1280,0,695,793,149,247,9604,0.0138,96068,/home/amos/server/media/movies/Snow White And The Three Stooges (1961)/Snow White And The Three Stooges (1961).mp4
989,544,1280,1,541,659,175,293,13924,0.02,96068,/home/amos/server/media/movies/Snow White And The Three Stooges (1961)/Snow White And The Three Stooges (1961).mp4
990,544,1280,0,735,833,139,237,9604,0.0138,96360,/home/amos/server/media/movies/Snow White And The Three Stooges (1961)/Snow White And The Three Stooges (1961).mp4
991,544,1280,0,37,105,220,288,4624,0.0066,96652,/home/amos/server/media/movies/Snow White And The Three Stooges (1961)/Snow White And The Three Stooges (1961).mp4
992,544,1280,1,942,1011,137,205,4692,0.0067,96652,/home/amos/server/media/movies/Snow White And The Three Stooges (1961)/Snow White And The Three Stooges (1961).mp4
993,544,1280,0,589,707,103,221,13924,0.02,97236,/home/amos/server/media/movies/Snow White And The Three Stooges (1961)/Snow White And The Three Stooges (1961).mp4
994,544,1280,1,754,853,89,188,9801,0.0141,97236,/home/amos/server/media/movies/Snow White And The Three Stooges (1961)/Snow White And The Three Stooges (1961).mp4
995,544,1280,0,666,734,178,246,4624,0.0066,97674,/home/amos/server/media/movies/Snow White And The Three Stooges (1961)/Snow White And The Three Stooges (1961).mp4
996,544,1280,0,575,674,149,247,9702,0.0139,97966,/home/amos/server/media/movies/Snow White And The Three Stooges (1961)/Snow White And The Three Stooges (1961).mp4
997,544,1280,0,516,614,209,307,9604,0.0138,98112,/home/amos/server/media/movies/Snow White And The Three Stooges (1961)/Snow White And The Three Stooges (1961).mp4
998,544,1280,0,634,715,149,231,6642,0.0095,98550,/home/amos/server/media/movies/Snow White And The Three Stooges (1961)/Snow White And The Three Stooges (1961).mp4
999,544,1280,1,352,433,190,272,6642,0.0095,98550,/home/amos/server/media/movies/Snow White And The Three Stooges (1961)/Snow White And The Three Stooges (1961).mp4
1000,544,1280,0,534,616,182,264,6724,0.0097,98696,/home/amos/server/media/movies/Snow White And The Three Stooges (1961)/Snow White And The Three Stooges (1961).mp4
1001,544,1280,1,508,565,123,180,3249,0.0047,98696,/home/amos/server/media/movies/Snow White And The Three Stooges (1961)/Snow White And The Three Stooges (1961).mp4
1002,544,1280,2,326,425,268,367,9801,0.0141,98696,/home/amos/server/media/movies/Snow White And The Three Stooges (1961)/Snow White And The Three Stooges (1961).mp4
1003,544,1280,0,753,792,209,249,1560,0.0022,98842,/home/amos/server/media/movies/Snow White And The Three Stooges (1961)/Snow White And The Three Stooges (1961).mp4
1004,544,1280,0,433,480,134,182,2256,0.0032,98988,/home/amos/server/media/movies/Snow White And The Three Stooges (1961)/Snow White And The Three Stooges (1961).mp4
1005,544,1280,0,630,677,158,206,2256,0.0032,99864,/home/amos/server/media/movies/Snow White And The Three Stooges (1961)/Snow White And The Three Stooges (1961).mp4
1006,544,1280,1,323,370,110,158,2256,0.0032,99864,/home/amos/server/media/movies/Snow White And The Three Stooges (1961)/Snow White And The Three Stooges (1961).mp4
1007,544,1280,2,451,508,158,215,3249,0.0047,99864,/home/amos/server/media/movies/Snow White And The Three Stooges (1961)/Snow White And The Three Stooges (1961).mp4
1008,544,1280,3,773,830,112,168,3192,0.0046,99864,/home/amos/server/media/movies/Snow White And The Three Stooges (1961)/Snow White And The Three Stooges (1961).mp4
1009,544,1280,0,675,757,141,222,6642,0.0095,100156,/home/amos/server/media/movies/Snow White And The Three Stooges (1961)/Snow White And The Three Stooges (1961).mp4
1010,544,1280,1,456,554,119,217,9604,0.0138,100156,/home/amos/server/media/movies/Snow White And The Three Stooges (1961)/Snow White And The Three Stooges (1961).mp4
1011,544,1280,0,667,749,157,239,6724,0.0097,100594,/home/amos/server/media/movies/Snow White And The Three Stooges (1961)/Snow White And The Three Stooges (1961).mp4
1012,544,1280,1,465,534,137,205,4692,0.0067,100594,/home/amos/server/media/movies/Snow White And The Three Stooges (1961)/Snow White And The Three Stooges (1961).mp4
1013,544,1280,2,874,956,149,231,6724,0.0097,100594,/home/amos/server/media/movies/Snow White And The Three Stooges (1961)/Snow White And The Three Stooges (1961).mp4
1014,544,1280,0,724,865,124,265,19881,0.0286,100740,/home/amos/server/media/movies/Snow White And The Three Stooges (1961)/Snow White And The Three Stooges (1961).mp4
1015,544,1280,1,394,535,110,251,19881,0.0286,100740,/home/amos/server/media/movies/Snow White And The Three Stooges (1961)/Snow White And The Three Stooges (1961).mp4
1016,544,1280,0,338,456,139,257,13924,0.02,100886,/home/amos/server/media/movies/Snow White And The Three Stooges (1961)/Snow White And The Three Stooges (1961).mp4
1017,544,1280,1,709,851,138,280,20164,0.029,100886,/home/amos/server/media/movies/Snow White And The Three Stooges (1961)/Snow White And The Three Stooges (1961).mp4
1018,544,1280,0,675,757,124,206,6724,0.0097,101032,/home/amos/server/media/movies/Snow White And The Three Stooges (1961)/Snow White And The Three Stooges (1961).mp4
1019,544,1280,1,417,485,130,198,4624,0.0066,101032,/home/amos/server/media/movies/Snow White And The Three Stooges (1961)/Snow White And The Three Stooges (1961).mp4
1020,544,1280,2,858,939,141,222,6561,0.0094,101032,/home/amos/server/media/movies/Snow White And The Three Stooges (1961)/Snow White And The Three Stooges (1961).mp4
1021,544,1280,0,277,359,91,173,6724,0.0097,101324,/home/amos/server/media/movies/Snow White And The Three Stooges (1961)/Snow White And The Three Stooges (1961).mp4
1022,544,1280,1,791,873,124,206,6724,0.0097,101324,/home/amos/server/media/movies/Snow White And The Three Stooges (1961)/Snow White And The Three Stooges (1961).mp4
1023,544,1280,2,567,649,124,206,6724,0.0097,101324,/home/amos/server/media/movies/Snow White And The Three Stooges (1961)/Snow White And The Three Stooges (1961).mp4
1024,544,1280,3,973,1072,179,277,9702,0.0139,101324,/home/amos/server/media/movies/Snow White And The Three Stooges (1961)/Snow White And The Three Stooges (1961).mp4
1025,544,1280,0,313,352,153,193,1560,0.0022,101762,/home/amos/server/media/movies/Snow White And The Three Stooges (1961)/Snow White And The Three Stooges (1961).mp4
1026,544,1280,1,853,892,169,209,1560,0.0022,101762,/home/amos/server/media/movies/Snow White And The Three Stooges (1961)/Snow White And The Three Stooges (1961).mp4
1027,544,1280,2,428,476,288,335,2256,0.0032,101762,/home/amos/server/media/movies/Snow White And The Three Stooges (1961)/Snow White And The Three Stooges (1961).mp4
1028,544,1280,0,669,708,249,289,1560,0.0022,101908,/home/amos/server/media/movies/Snow White And The Three Stooges (1961)/Snow White And The Three Stooges (1961).mp4
1029,544,1280,1,861,900,185,225,1560,0.0022,101908,/home/amos/server/media/movies/Snow White And The Three Stooges (1961)/Snow White And The Three Stooges (1961).mp4
1030,544,1280,2,309,348,145,185,1560,0.0022,101908,/home/amos/server/media/movies/Snow White And The Three Stooges (1961)/Snow White And The Three Stooges (1961).mp4
1031,544,1280,0,689,728,225,265,1560,0.0022,102054,/home/amos/server/media/movies/Snow White And The Three Stooges (1961)/Snow White And The Three Stooges (1961).mp4
1032,544,1280,1,851,898,163,210,2209,0.0032,102054,/home/amos/server/media/movies/Snow White And The Three Stooges (1961)/Snow White And The Three Stooges (1961).mp4
1033,544,1280,0,721,768,182,230,2256,0.0032,102492,/home/amos/server/media/movies/Snow White And The Three Stooges (1961)/Snow White And The Three Stooges (1961).mp4
1034,544,1280,1,601,640,257,297,1560,0.0022,102492,/home/amos/server/media/movies/Snow White And The Three Stooges (1961)/Snow White And The Three Stooges (1961).mp4
1035,544,1280,0,776,845,192,260,4692,0.0067,102638,/home/amos/server/media/movies/Snow White And The Three Stooges (1961)/Snow White And The Three Stooges (1961).mp4
1036,544,1280,1,922,990,81,150,4692,0.0067,102638,/home/amos/server/media/movies/Snow White And The Three Stooges (1961)/Snow White And The Three Stooges (1961).mp4
1037,544,1280,2,528,596,296,364,4624,0.0066,102638,/home/amos/server/media/movies/Snow White And The Three Stooges (1961)/Snow White And The Three Stooges (1961).mp4
1038,544,1280,0,704,761,227,284,3249,0.0047,102784,/home/amos/server/media/movies/Snow White And The Three Stooges (1961)/Snow White And The Three Stooges (1961).mp4
1039,544,1280,1,451,508,319,376,3249,0.0047,102784,/home/amos/server/media/movies/Snow White And The Three Stooges (1961)/Snow White And The Three Stooges (1961).mp4
1040,544,1280,2,858,939,66,148,6642,0.0095,102784,/home/amos/server/media/movies/Snow White And The Three Stooges (1961)/Snow White And The Three Stooges (1961).mp4
1041,544,1280,0,685,724,109,149,1560,0.0022,103076,/home/amos/server/media/movies/Snow White And The Three Stooges (1961)/Snow White And The Three Stooges (1961).mp4
1042,544,1280,1,501,540,249,289,1560,0.0022,103076,/home/amos/server/media/movies/Snow White And The Three Stooges (1961)/Snow White And The Three Stooges (1961).mp4
1043,544,1280,0,505,544,233,273,1560,0.0022,103222,/home/amos/server/media/movies/Snow White And The Three Stooges (1961)/Snow White And The Three Stooges (1961).mp4
1044,544,1280,1,683,730,110,158,2256,0.0032,103222,/home/amos/server/media/movies/Snow White And The Three Stooges (1961)/Snow White And The Three Stooges (1961).mp4
1045,544,1280,0,529,568,245,285,1560,0.0022,103368,/home/amos/server/media/movies/Snow White And The Three Stooges (1961)/Snow White And The Three Stooges (1961).mp4
1046,544,1280,1,669,708,125,165,1560,0.0022,103368,/home/amos/server/media/movies/Snow White And The Three Stooges (1961)/Snow White And The Three Stooges (1961).mp4
1047,544,1280,2,783,831,96,143,2256,0.0032,103368,/home/amos/server/media/movies/Snow White And The Three Stooges (1961)/Snow White And The Three Stooges (1961).mp4
1048,544,1280,0,428,476,77,124,2256,0.0032,103806,/home/amos/server/media/movies/Snow White And The Three Stooges (1961)/Snow White And The Three Stooges (1961).mp4
1049,544,1280,0,385,432,77,124,2209,0.0032,103952,/home/amos/server/media/movies/Snow White And The Three Stooges (1961)/Snow White And The Three Stooges (1961).mp4
1050,544,1280,0,404,452,77,124,2256,0.0032,104098,/home/amos/server/media/movies/Snow White And The Three Stooges (1961)/Snow White And The Three Stooges (1961).mp4
1051,544,1280,1,289,336,225,273,2256,0.0032,104098,/home/amos/server/media/movies/Snow White And The Three Stooges (1961)/Snow White And The Three Stooges (1961).mp4
1052,544,1280,0,255,312,233,289,3192,0.0046,104244,/home/amos/server/media/movies/Snow White And The Three Stooges (1961)/Snow White And The Three Stooges (1961).mp4
1053,544,1280,1,395,442,81,129,2256,0.0032,104244,/home/amos/server/media/movies/Snow White And The Three Stooges (1961)/Snow White And The Three Stooges (1961).mp4
1054,544,1280,2,658,715,89,145,3192,0.0046,104244,/home/amos/server/media/movies/Snow White And The Three Stooges (1961)/Snow White And The Three Stooges (1961).mp4
1055,544,1280,0,715,813,109,208,9702,0.0139,104390,/home/amos/server/media/movies/Snow White And The Three Stooges (1961)/Snow White And The Three Stooges (1961).mp4
1056,544,1280,1,16,134,55,173,13924,0.02,104390,/home/amos/server/media/movies/Snow White And The Three Stooges (1961)/Snow White And The Three Stooges (1961).mp4
1057,544,1280,0,721,839,175,293,13924,0.02,104536,/home/amos/server/media/movies/Snow White And The Three Stooges (1961)/Snow White And The Three Stooges (1961).mp4
1058,544,1280,1,16,134,43,161,13924,0.02,104536,/home/amos/server/media/movies/Snow White And The Three Stooges (1961)/Snow White And The Three Stooges (1961).mp4
1059,544,1280,0,482,600,115,233,13924,0.02,104682,/home/amos/server/media/movies/Snow White And The Three Stooges (1961)/Snow White And The Three Stooges (1961).mp4
1060,544,1280,0,613,731,199,317,13924,0.02,104828,/home/amos/server/media/movies/Snow White And The Three Stooges (1961)/Snow White And The Three Stooges (1961).mp4
1061,544,1280,0,478,682,138,342,41616,0.0598,104974,/home/amos/server/media/movies/Snow White And The Three Stooges (1961)/Snow White And The Three Stooges (1961).mp4
1062,544,1280,0,498,702,138,342,41616,0.0598,105266,/home/amos/server/media/movies/Snow White And The Three Stooges (1961)/Snow White And The Three Stooges (1961).mp4
1063,544,1280,0,677,716,129,169,1560,0.0022,105412,/home/amos/server/media/movies/Snow White And The Three Stooges (1961)/Snow White And The Three Stooges (1961).mp4
1064,544,1280,1,1131,1187,238,295,3192,0.0046,105412,/home/amos/server/media/movies/Snow White And The Three Stooges (1961)/Snow White And The Three Stooges (1961).mp4
1065,544,1280,2,447,495,129,177,2304,0.0033,105412,/home/amos/server/media/movies/Snow White And The Three Stooges (1961)/Snow White And The Three Stooges (1961).mp4
1066,544,1280,0,360,442,82,164,6724,0.0097,105850,/home/amos/server/media/movies/Snow White And The Three Stooges (1961)/Snow White And The Three Stooges (1961).mp4
1067,544,1280,1,785,842,117,174,3249,0.0047,105850,/home/amos/server/media/movies/Snow White And The Three Stooges (1961)/Snow White And The Three Stooges (1961).mp4
1068,544,1280,2,541,610,116,184,4692,0.0067,105850,/home/amos/server/media/movies/Snow White And The Three Stooges (1961)/Snow White And The Three Stooges (1961).mp4
1069,544,1280,0,537,679,224,366,20164,0.029,106288,/home/amos/server/media/movies/Snow White And The Three Stooges (1961)/Snow White And The Three Stooges (1961).mp4
1070,544,1280,0,492,662,177,347,28900,0.0415,106434,/home/amos/server/media/movies/Snow White And The Three Stooges (1961)/Snow White And The Three Stooges (1961).mp4
1071,544,1280,0,592,674,99,181,6724,0.0097,106726,/home/amos/server/media/movies/Snow White And The Three Stooges (1961)/Snow White And The Three Stooges (1961).mp4
1072,544,1280,0,709,851,153,294,20022,0.0288,107164,/home/amos/server/media/movies/Snow White And The Three Stooges (1961)/Snow White And The Three Stooges (1961).mp4
1073,544,1280,0,577,616,81,121,1560,0.0022,107456,/home/amos/server/media/movies/Snow White And The Three Stooges (1961)/Snow White And The Three Stooges (1961).mp4
1074,544,1280,0,589,628,81,121,1560,0.0022,107602,/home/amos/server/media/movies/Snow White And The Three Stooges (1961)/Snow White And The Three Stooges (1961).mp4
1075,544,1280,0,609,691,223,305,6724,0.0097,108478,/home/amos/server/media/movies/Snow White And The Three Stooges (1961)/Snow White And The Three Stooges (1961).mp4
1076,544,1280,1,545,644,119,217,9702,0.0139,108478,/home/amos/server/media/movies/Snow White And The Three Stooges (1961)/Snow White And The Three Stooges (1961).mp4
1077,544,1280,0,529,568,205,245,1560,0.0022,110230,/home/amos/server/media/movies/Snow White And The Three Stooges (1961)/Snow White And The Three Stooges (1961).mp4
1078,544,1280,0,505,544,145,185,1560,0.0022,113442,/home/amos/server/media/movies/Snow White And The Three Stooges (1961)/Snow White And The Three Stooges (1961).mp4
1079,544,1280,0,773,830,89,145,3192,0.0046,113588,/home/amos/server/media/movies/Snow White And The Three Stooges (1961)/Snow White And The Three Stooges (1961).mp4
1080,544,1280,0,505,544,109,149,1560,0.0022,116654,/home/amos/server/media/movies/Snow White And The Three Stooges (1961)/Snow White And The Three Stooges (1961).mp4
1081,544,1280,0,673,712,133,173,1560,0.0022,117968,/home/amos/server/media/movies/Snow White And The Three Stooges (1961)/Snow White And The Three Stooges (1961).mp4
1082,544,1280,0,641,698,140,197,3249,0.0047,118260,/home/amos/server/media/movies/Snow White And The Three Stooges (1961)/Snow White And The Three Stooges (1961).mp4
1083,544,1280,0,670,727,135,191,3192,0.0046,118406,/home/amos/server/media/movies/Snow White And The Three Stooges (1961)/Snow White And The Three Stooges (1961).mp4
1084,544,1280,0,200,370,74,244,28900,0.0415,118552,/home/amos/server/media/movies/Snow White And The Three Stooges (1961)/Snow White And The Three Stooges (1961).mp4
1085,544,1280,0,825,864,165,205,1560,0.0022,118698,/home/amos/server/media/movies/Snow White And The Three Stooges (1961)/Snow White And The Three Stooges (1961).mp4
1086,544,1280,0,829,868,169,209,1560,0.0022,118844,/home/amos/server/media/movies/Snow White And The Three Stooges (1961)/Snow White And The Three Stooges (1961).mp4
1087,544,1280,0,825,864,173,213,1560,0.0022,118990,/home/amos/server/media/movies/Snow White And The Three Stooges (1961)/Snow White And The Three Stooges (1961).mp4
1088,544,1280,0,821,860,165,205,1560,0.0022,119136,/home/amos/server/media/movies/Snow White And The Three Stooges (1961)/Snow White And The Three Stooges (1961).mp4
1089,544,1280,0,468,550,165,247,6724,0.0097,119282,/home/amos/server/media/movies/Snow White And The Three Stooges (1961)/Snow White And The Three Stooges (1961).mp4
1090,544,1280,0,486,554,199,267,4624,0.0066,119428,/home/amos/server/media/movies/Snow White And The Three Stooges (1961)/Snow White And The Three Stooges (1961).mp4
1091,544,1280,0,705,803,109,208,9702,0.0139,119574,/home/amos/server/media/movies/Snow White And The Three Stooges (1961)/Snow White And The Three Stooges (1961).mp4
1092,544,1280,0,486,584,199,297,9604,0.0138,119720,/home/amos/server/media/movies/Snow White And The Three Stooges (1961)/Snow White And The Three Stooges (1961).mp4
1093,544,1280,0,434,516,190,272,6724,0.0097,119866,/home/amos/server/media/movies/Snow White And The Three Stooges (1961)/Snow White And The Three Stooges (1961).mp4
1094,544,1280,0,477,516,185,225,1560,0.0022,120012,/home/amos/server/media/movies/Snow White And The Three Stooges (1961)/Snow White And The Three Stooges (1961).mp4
1095,544,1280,0,617,686,144,212,4692,0.0067,120158,/home/amos/server/media/movies/Snow White And The Three Stooges (1961)/Snow White And The Three Stooges (1961).mp4
1096,544,1280,1,149,188,97,137,1560,0.0022,120158,/home/amos/server/media/movies/Snow White And The Three Stooges (1961)/Snow White And The Three Stooges (1961).mp4
1097,544,1280,0,631,700,116,184,4692,0.0067,120304,/home/amos/server/media/movies/Snow White And The Three Stooges (1961)/Snow White And The Three Stooges (1961).mp4
1098,544,1280,0,641,698,123,180,3249,0.0047,120742,/home/amos/server/media/movies/Snow White And The Three Stooges (1961)/Snow White And The Three Stooges (1961).mp4
1099,544,1280,0,452,520,95,164,4692,0.0067,121034,/home/amos/server/media/movies/Snow White And The Three Stooges (1961)/Snow White And The Three Stooges (1961).mp4
1100,544,1280,1,659,727,199,267,4624,0.0066,121034,/home/amos/server/media/movies/Snow White And The Three Stooges (1961)/Snow White And The Three Stooges (1961).mp4
1101,544,1280,0,438,506,81,150,4692,0.0067,121180,/home/amos/server/media/movies/Snow White And The Three Stooges (1961)/Snow White And The Three Stooges (1961).mp4
1102,544,1280,1,710,767,198,255,3249,0.0047,121180,/home/amos/server/media/movies/Snow White And The Three Stooges (1961)/Snow White And The Three Stooges (1961).mp4
1103,544,1280,0,714,783,206,274,4692,0.0067,121326,/home/amos/server/media/movies/Snow White And The Three Stooges (1961)/Snow White And The Three Stooges (1961).mp4
1104,544,1280,1,403,471,95,164,4692,0.0067,121326,/home/amos/server/media/movies/Snow White And The Three Stooges (1961)/Snow White And The Three Stooges (1961).mp4
1105,544,1280,0,677,716,341,381,1560,0.0022,121618,/home/amos/server/media/movies/Snow White And The Three Stooges (1961)/Snow White And The Three Stooges (1961).mp4
1106,544,1280,1,1167,1215,417,465,2304,0.0033,121618,/home/amos/server/media/movies/Snow White And The Three Stooges (1961)/Snow White And The Three Stooges (1961).mp4
1107,544,1280,2,495,543,125,172,2256,0.0032,121618,/home/amos/server/media/movies/Snow White And The Three Stooges (1961)/Snow White And The Three Stooges (1961).mp4
1108,544,1280,3,341,380,321,361,1560,0.0022,121618,/home/amos/server/media/movies/Snow White And The Three Stooges (1961)/Snow White And The Three Stooges (1961).mp4
1109,544,1280,4,399,447,336,383,2256,0.0032,121618,/home/amos/server/media/movies/Snow White And The Three Stooges (1961)/Snow White And The Three Stooges (1961).mp4
1110,544,1280,5,1229,1268,337,377,1560,0.0022,121618,/home/amos/server/media/movies/Snow White And The Three Stooges (1961)/Snow White And The Three Stooges (1961).mp4
1111,544,1280,6,30,87,371,428,3249,0.0047,121618,/home/amos/server/media/movies/Snow White And The Three Stooges (1961)/Snow White And The Three Stooges (1961).mp4
1112,544,1280,7,1081,1120,361,401,1560,0.0022,121618,/home/amos/server/media/movies/Snow White And The Three Stooges (1961)/Snow White And The Three Stooges (1961).mp4
1113,544,1280,0,573,612,113,153,1560,0.0022,121764,/home/amos/server/media/movies/Snow White And The Three Stooges (1961)/Snow White And The Three Stooges (1961).mp4
1114,544,1280,1,701,740,285,325,1560,0.0022,121764,/home/amos/server/media/movies/Snow White And The Three Stooges (1961)/Snow White And The Three Stooges (1961).mp4
1115,544,1280,2,85,124,317,357,1560,0.0022,121764,/home/amos/server/media/movies/Snow White And The Three Stooges (1961)/Snow White And The Three Stooges (1961).mp4
1116,544,1280,3,1073,1112,357,397,1560,0.0022,121764,/home/amos/server/media/movies/Snow White And The Three Stooges (1961)/Snow White And The Three Stooges (1961).mp4
1117,544,1280,4,1021,1060,301,341,1560,0.0022,121764,/home/amos/server/media/movies/Snow White And The Three Stooges (1961)/Snow White And The Three Stooges (1961).mp4
1118,544,1280,5,477,516,277,317,1560,0.0022,121764,/home/amos/server/media/movies/Snow White And The Three Stooges (1961)/Snow White And The Three Stooges (1961).mp4
1119,544,1280,0,517,556,117,157,1560,0.0022,121910,/home/amos/server/media/movies/Snow White And The Three Stooges (1961)/Snow White And The Three Stooges (1961).mp4
1120,544,1280,0,725,764,109,149,1560,0.0022,122202,/home/amos/server/media/movies/Snow White And The Three Stooges (1961)/Snow White And The Three Stooges (1961).mp4
1121,544,1280,1,203,260,233,289,3192,0.0046,122202,/home/amos/server/media/movies/Snow White And The Three Stooges (1961)/Snow White And The Three Stooges (1961).mp4
1122,544,1280,2,51,119,95,164,4692,0.0067,122202,/home/amos/server/media/movies/Snow White And The Three Stooges (1961)/Snow White And The Three Stooges (1961).mp4
1123,544,1280,3,625,664,105,145,1560,0.0022,122202,/home/amos/server/media/movies/Snow White And The Three Stooges (1961)/Snow White And The Three Stooges (1961).mp4
1124,544,1280,4,558,605,115,162,2209,0.0032,122202,/home/amos/server/media/movies/Snow White And The Three Stooges (1961)/Snow White And The Three Stooges (1961).mp4
1125,544,1280,5,149,188,157,197,1560,0.0022,122202,/home/amos/server/media/movies/Snow White And The Three Stooges (1961)/Snow White And The Three Stooges (1961).mp4
1126,544,1280,6,370,427,158,215,3249,0.0047,122202,/home/amos/server/media/movies/Snow White And The Three Stooges (1961)/Snow White And The Three Stooges (1961).mp4
1127,544,1280,0,693,732,217,257,1560,0.0022,122348,/home/amos/server/media/movies/Snow White And The Three Stooges (1961)/Snow White And The Three Stooges (1961).mp4
1128,544,1280,0,403,471,220,288,4624,0.0066,122932,/home/amos/server/media/movies/Snow White And The Three Stooges (1961)/Snow White And The Three Stooges (1961).mp4
1129,544,1280,1,866,948,82,164,6724,0.0097,122932,/home/amos/server/media/movies/Snow White And The Three Stooges (1961)/Snow White And The Three Stooges (1961).mp4
1130,544,1280,0,431,499,192,260,4624,0.0066,123078,/home/amos/server/media/movies/Snow White And The Three Stooges (1961)/Snow White And The Three Stooges (1961).mp4
1131,544,1280,1,733,815,99,181,6724,0.0097,123078,/home/amos/server/media/movies/Snow White And The Three Stooges (1961)/Snow White And The Three Stooges (1961).mp4
1132,544,1280,0,733,815,82,164,6724,0.0097,123224,/home/amos/server/media/movies/Snow White And The Three Stooges (1961)/Snow White And The Three Stooges (1961).mp4
1133,544,1280,0,417,485,199,267,4624,0.0066,123370,/home/amos/server/media/movies/Snow White And The Three Stooges (1961)/Snow White And The Three Stooges (1961).mp4
1134,544,1280,1,733,815,91,173,6724,0.0097,123370,/home/amos/server/media/movies/Snow White And The Three Stooges (1961)/Snow White And The Three Stooges (1961).mp4
1135,544,1280,0,675,773,109,208,9702,0.0139,123662,/home/amos/server/media/movies/Snow White And The Three Stooges (1961)/Snow White And The Three Stooges (1961).mp4
1136,544,1280,0,587,634,144,191,2209,0.0032,124100,/home/amos/server/media/movies/Snow White And The Three Stooges (1961)/Snow White And The Three Stooges (1961).mp4
1137,544,1280,1,136,277,81,222,19881,0.0286,124100,/home/amos/server/media/movies/Snow White And The Three Stooges (1961)/Snow White And The Three Stooges (1961).mp4
1138,544,1280,0,635,733,109,208,9702,0.0139,124246,/home/amos/server/media/movies/Snow White And The Three Stooges (1961)/Snow White And The Three Stooges (1961).mp4
1139,544,1280,0,526,608,215,297,6724,0.0097,124392,/home/amos/server/media/movies/Snow White And The Three Stooges (1961)/Snow White And The Three Stooges (1961).mp4
1140,544,1280,0,600,682,190,272,6724,0.0097,124538,/home/amos/server/media/movies/Snow White And The Three Stooges (1961)/Snow White And The Three Stooges (1961).mp4
1141,544,1280,0,436,534,209,307,9604,0.0138,124684,/home/amos/server/media/movies/Snow White And The Three Stooges (1961)/Snow White And The Three Stooges (1961).mp4
1142,544,1280,0,434,516,248,330,6724,0.0097,124830,/home/amos/server/media/movies/Snow White And The Three Stooges (1961)/Snow White And The Three Stooges (1961).mp4
1143,544,1280,0,401,483,240,322,6724,0.0097,124976,/home/amos/server/media/movies/Snow White And The Three Stooges (1961)/Snow White And The Three Stooges (1961).mp4
1144,544,1280,0,501,583,223,305,6724,0.0097,125122,/home/amos/server/media/movies/Snow White And The Three Stooges (1961)/Snow White And The Three Stooges (1961).mp4
1145,544,1280,0,509,591,257,339,6724,0.0097,125268,/home/amos/server/media/movies/Snow White And The Three Stooges (1961)/Snow White And The Three Stooges (1961).mp4
1146,544,1280,0,585,684,229,327,9702,0.0139,125560,/home/amos/server/media/movies/Snow White And The Three Stooges (1961)/Snow White And The Three Stooges (1961).mp4
1147,544,1280,0,545,644,109,208,9801,0.0141,125706,/home/amos/server/media/movies/Snow White And The Three Stooges (1961)/Snow White And The Three Stooges (1961).mp4
1148,544,1280,0,584,666,99,181,6724,0.0097,125852,/home/amos/server/media/movies/Snow White And The Three Stooges (1961)/Snow White And The Three Stooges (1961).mp4
1149,544,1280,0,553,592,253,293,1560,0.0022,126144,/home/amos/server/media/movies/Snow White And The Three Stooges (1961)/Snow White And The Three Stooges (1961).mp4
1150,544,1280,0,109,148,357,397,1560,0.0022,126290,/home/amos/server/media/movies/Snow White And The Three Stooges (1961)/Snow White And The Three Stooges (1961).mp4
1151,544,1280,1,193,232,289,329,1560,0.0022,126290,/home/amos/server/media/movies/Snow White And The Three Stooges (1961)/Snow White And The Three Stooges (1961).mp4
1152,544,1280,2,549,606,129,186,3249,0.0047,126290,/home/amos/server/media/movies/Snow White And The Three Stooges (1961)/Snow White And The Three Stooges (1961).mp4
1153,544,1280,3,68,116,259,306,2256,0.0032,126290,/home/amos/server/media/movies/Snow White And The Three Stooges (1961)/Snow White And The Three Stooges (1961).mp4
1154,544,1280,0,419,466,268,316,2256,0.0032,126728,/home/amos/server/media/movies/Snow White And The Three Stooges (1961)/Snow White And The Three Stooges (1961).mp4
1155,544,1280,1,349,388,333,373,1560,0.0022,126728,/home/amos/server/media/movies/Snow White And The Three Stooges (1961)/Snow White And The Three Stooges (1961).mp4
1156,544,1280,2,317,356,249,289,1560,0.0022,126728,/home/amos/server/media/movies/Snow White And The Three Stooges (1961)/Snow White And The Three Stooges (1961).mp4
1157,544,1280,3,827,874,139,186,2209,0.0032,126728,/home/amos/server/media/movies/Snow White And The Three Stooges (1961)/Snow White And The Three Stooges (1961).mp4
1158,544,1280,0,279,397,31,149,13924,0.02,126874,/home/amos/server/media/movies/Snow White And The Three Stooges (1961)/Snow White And The Three Stooges (1961).mp4
1159,544,1280,0,526,624,109,208,9702,0.0139,127312,/home/amos/server/media/movies/Snow White And The Three Stooges (1961)/Snow White And The Three Stooges (1961).mp4
1160,544,1280,0,617,686,130,198,4692,0.0067,127604,/home/amos/server/media/movies/Snow White And The Three Stooges (1961)/Snow White And The Three Stooges (1961).mp4
1161,544,1280,1,401,483,132,214,6724,0.0097,127604,/home/amos/server/media/movies/Snow White And The Three Stooges (1961)/Snow White And The Three Stooges (1961).mp4
1162,544,1280,2,28,110,190,272,6724,0.0097,127604,/home/amos/server/media/movies/Snow White And The Three Stooges (1961)/Snow White And The Three Stooges (1961).mp4
1163,544,1280,0,451,533,141,222,6642,0.0095,127896,/home/amos/server/media/movies/Snow White And The Three Stooges (1961)/Snow White And The Three Stooges (1961).mp4
1164,544,1280,0,680,748,157,226,4692,0.0067,128626,/home/amos/server/media/movies/Snow White And The Three Stooges (1961)/Snow White And The Three Stooges (1961).mp4
1165,544,1280,0,990,1037,249,297,2256,0.0032,128918,/home/amos/server/media/movies/Snow White And The Three Stooges (1961)/Snow White And The Three Stooges (1961).mp4
1166,544,1280,0,431,499,234,302,4624,0.0066,129064,/home/amos/server/media/movies/Snow White And The Three Stooges (1961)/Snow White And The Three Stooges (1961).mp4
1167,544,1280,0,541,659,127,245,13924,0.02,130378,/home/amos/server/media/movies/Snow White And The Three Stooges (1961)/Snow White And The Three Stooges (1961).mp4
1168,544,1280,0,697,815,187,305,13924,0.02,130670,/home/amos/server/media/movies/Snow White And The Three Stooges (1961)/Snow White And The Three Stooges (1961).mp4
1169,544,1280,0,567,649,182,264,6724,0.0097,131108,/home/amos/server/media/movies/Snow White And The Three Stooges (1961)/Snow White And The Three Stooges (1961).mp4
1170,544,1280,0,866,935,171,240,4761,0.0068,131838,/home/amos/server/media/movies/Snow White And The Three Stooges (1961)/Snow White And The Three Stooges (1961).mp4
1171,544,1280,0,615,713,179,277,9604,0.0138,132130,/home/amos/server/media/movies/Snow White And The Three Stooges (1961)/Snow White And The Three Stooges (1961).mp4
1172,544,1280,0,584,666,174,256,6724,0.0097,132276,/home/amos/server/media/movies/Snow White And The Three Stooges (1961)/Snow White And The Three Stooges (1961).mp4
1173,544,1280,0,791,873,182,264,6724,0.0097,132422,/home/amos/server/media/movies/Snow White And The Three Stooges (1961)/Snow White And The Three Stooges (1961).mp4
1174,544,1280,1,376,458,91,173,6724,0.0097,132422,/home/amos/server/media/movies/Snow White And The Three Stooges (1961)/Snow White And The Three Stooges (1961).mp4
1175,544,1280,0,597,636,161,201,1560,0.0022,132714,/home/amos/server/media/movies/Snow White And The Three Stooges (1961)/Snow White And The Three Stooges (1961).mp4
1176,544,1280,0,514,582,116,184,4624,0.0066,133006,/home/amos/server/media/movies/Snow White And The Three Stooges (1961)/Snow White And The Three Stooges (1961).mp4
1177,544,1280,1,680,748,123,191,4624,0.0066,133006,/home/amos/server/media/movies/Snow White And The Three Stooges (1961)/Snow White And The Three Stooges (1961).mp4
1178,544,1280,0,277,375,199,297,9604,0.0138,133152,/home/amos/server/media/movies/Snow White And The Three Stooges (1961)/Snow White And The Three Stooges (1961).mp4
1179,544,1280,1,592,674,107,189,6724,0.0097,133152,/home/amos/server/media/movies/Snow White And The Three Stooges (1961)/Snow White And The Three Stooges (1961).mp4
1180,544,1280,2,854,952,129,227,9604,0.0138,133152,/home/amos/server/media/movies/Snow White And The Three Stooges (1961)/Snow White And The Three Stooges (1961).mp4
1181,544,1280,0,575,657,116,198,6724,0.0097,133298,/home/amos/server/media/movies/Snow White And The Three Stooges (1961)/Snow White And The Three Stooges (1961).mp4
1182,544,1280,1,297,395,199,297,9604,0.0138,133298,/home/amos/server/media/movies/Snow White And The Three Stooges (1961)/Snow White And The Three Stooges (1961).mp4
1183,544,1280,2,814,912,129,227,9604,0.0138,133298,/home/amos/server/media/movies/Snow White And The Three Stooges (1961)/Snow White And The Three Stooges (1961).mp4
1184,544,1280,0,293,375,190,272,6724,0.0097,133444,/home/amos/server/media/movies/Snow White And The Three Stooges (1961)/Snow White And The Three Stooges (1961).mp4
1185,544,1280,1,605,703,99,198,9702,0.0139,133444,/home/amos/server/media/movies/Snow White And The Three Stooges (1961)/Snow White And The Three Stooges (1961).mp4
1186,544,1280,2,794,893,129,227,9702,0.0139,133444,/home/amos/server/media/movies/Snow White And The Three Stooges (1961)/Snow White And The Three Stooges (1961).mp4
1187,544,1280,0,704,761,112,168,3192,0.0046,133590,/home/amos/server/media/movies/Snow White And The Three Stooges (1961)/Snow White And The Three Stooges (1961).mp4
1188,544,1280,1,916,997,82,164,6642,0.0095,133590,/home/amos/server/media/movies/Snow White And The Three Stooges (1961)/Snow White And The Three Stooges (1961).mp4
1189,544,1280,2,514,582,102,170,4624,0.0066,133590,/home/amos/server/media/movies/Snow White And The Three Stooges (1961)/Snow White And The Three Stooges (1961).mp4
1190,544,1280,0,687,744,112,168,3192,0.0046,133736,/home/amos/server/media/movies/Snow White And The Three Stooges (1961)/Snow White And The Three Stooges (1961).mp4
1191,544,1280,1,956,1024,137,205,4624,0.0066,133736,/home/amos/server/media/movies/Snow White And The Three Stooges (1961)/Snow White And The Three Stooges (1961).mp4
1192,544,1280,2,479,548,109,177,4692,0.0067,133736,/home/amos/server/media/movies/Snow White And The Three Stooges (1961)/Snow White And The Three Stooges (1961).mp4
1193,544,1280,3,362,430,151,219,4624,0.0066,133736,/home/amos/server/media/movies/Snow White And The Three Stooges (1961)/Snow White And The Three Stooges (1961).mp4
1194,544,1280,0,509,591,107,189,6724,0.0097,133882,/home/amos/server/media/movies/Snow White And The Three Stooges (1961)/Snow White And The Three Stooges (1961).mp4
1195,544,1280,1,799,881,132,214,6724,0.0097,133882,/home/amos/server/media/movies/Snow White And The Three Stooges (1961)/Snow White And The Three Stooges (1961).mp4
1196,544,1280,0,366,465,119,217,9702,0.0139,134028,/home/amos/server/media/movies/Snow White And The Three Stooges (1961)/Snow White And The Three Stooges (1961).mp4
1197,544,1280,1,709,827,103,221,13924,0.02,134028,/home/amos/server/media/movies/Snow White And The Three Stooges (1961)/Snow White And The Three Stooges (1961).mp4
1198,544,1280,0,376,458,107,189,6724,0.0097,134174,/home/amos/server/media/movies/Snow White And The Three Stooges (1961)/Snow White And The Three Stooges (1961).mp4
1199,544,1280,1,715,813,109,208,9702,0.0139,134174,/home/amos/server/media/movies/Snow White And The Three Stooges (1961)/Snow White And The Three Stooges (1961).mp4
1200,544,1280,0,624,693,116,184,4692,0.0067,134320,/home/amos/server/media/movies/Snow White And The Three Stooges (1961)/Snow White And The Three Stooges (1961).mp4
1201,544,1280,1,408,550,124,265,20022,0.0288,134320,/home/amos/server/media/movies/Snow White And The Three Stooges (1961)/Snow White And The Three Stooges (1961).mp4
1202,544,1280,0,633,672,113,153,1560,0.0022,134466,/home/amos/server/media/movies/Snow White And The Three Stooges (1961)/Snow White And The Three Stooges (1961).mp4
1203,544,1280,0,658,740,190,272,6724,0.0097,136072,/home/amos/server/media/movies/Snow White And The Three Stooges (1961)/Snow White And The Three Stooges (1961).mp4
1204,544,1280,0,545,644,159,257,9702,0.0139,136218,/home/amos/server/media/movies/Snow White And The Three Stooges (1961)/Snow White And The Three Stooges (1961).mp4
1205,544,1280,0,658,740,223,305,6724,0.0097,136364,/home/amos/server/media/movies/Snow White And The Three Stooges (1961)/Snow White And The Three Stooges (1961).mp4
1206,544,1280,0,929,997,116,184,4624,0.0066,136510,/home/amos/server/media/movies/Snow White And The Three Stooges (1961)/Snow White And The Three Stooges (1961).mp4
1207,544,1280,0,758,840,107,189,6724,0.0097,136656,/home/amos/server/media/movies/Snow White And The Three Stooges (1961)/Snow White And The Three Stooges (1961).mp4
1208,544,1280,0,436,534,209,307,9604,0.0138,136802,/home/amos/server/media/movies/Snow White And The Three Stooges (1961)/Snow White And The Three Stooges (1961).mp4
1209,544,1280,0,708,790,116,198,6724,0.0097,136948,/home/amos/server/media/movies/Snow White And The Three Stooges (1961)/Snow White And The Three Stooges (1961).mp4
1210,544,1280,0,762,819,169,226,3249,0.0047,137094,/home/amos/server/media/movies/Snow White And The Three Stooges (1961)/Snow White And The Three Stooges (1961).mp4
1211,544,1280,1,520,577,112,168,3192,0.0046,137094,/home/amos/server/media/movies/Snow White And The Three Stooges (1961)/Snow White And The Three Stooges (1961).mp4
1212,544,1280,0,728,796,185,253,4624,0.0066,137240,/home/amos/server/media/movies/Snow White And The Three Stooges (1961)/Snow White And The Three Stooges (1961).mp4
1213,544,1280,1,410,478,102,170,4624,0.0066,137240,/home/amos/server/media/movies/Snow White And The Three Stooges (1961)/Snow White And The Three Stooges (1961).mp4
1214,544,1280,0,286,354,130,198,4624,0.0066,137386,/home/amos/server/media/movies/Snow White And The Three Stooges (1961)/Snow White And The Three Stooges (1961).mp4
1215,544,1280,1,635,692,192,249,3249,0.0047,137386,/home/amos/server/media/movies/Snow White And The Three Stooges (1961)/Snow White And The Three Stooges (1961).mp4
1216,544,1280,0,411,467,244,301,3192,0.0046,137678,/home/amos/server/media/movies/Snow White And The Three Stooges (1961)/Snow White And The Three Stooges (1961).mp4
1217,544,1280,0,393,450,238,295,3249,0.0047,137824,/home/amos/server/media/movies/Snow White And The Three Stooges (1961)/Snow White And The Three Stooges (1961).mp4
1218,544,1280,0,445,502,163,220,3249,0.0047,137970,/home/amos/server/media/movies/Snow White And The Three Stooges (1961)/Snow White And The Three Stooges (1961).mp4
1219,544,1280,0,398,516,151,269,13924,0.02,138116,/home/amos/server/media/movies/Snow White And The Three Stooges (1961)/Snow White And The Three Stooges (1961).mp4
1220,544,1280,0,398,516,163,281,13924,0.02,138262,/home/amos/server/media/movies/Snow White And The Three Stooges (1961)/Snow White And The Three Stooges (1961).mp4
1221,544,1280,0,426,524,179,277,9604,0.0138,138408,/home/amos/server/media/movies/Snow White And The Three Stooges (1961)/Snow White And The Three Stooges (1961).mp4
1222,544,1280,0,758,840,165,247,6724,0.0097,138554,/home/amos/server/media/movies/Snow White And The Three Stooges (1961)/Snow White And The Three Stooges (1961).mp4
1223,544,1280,0,426,524,189,287,9604,0.0138,138700,/home/amos/server/media/movies/Snow White And The Three Stooges (1961)/Snow White And The Three Stooges (1961).mp4
1224,544,1280,0,874,972,139,237,9604,0.0138,138846,/home/amos/server/media/movies/Snow White And The Three Stooges (1961)/Snow White And The Three Stooges (1961).mp4
1225,544,1280,1,326,425,149,247,9702,0.0139,138846,/home/amos/server/media/movies/Snow White And The Three Stooges (1961)/Snow White And The Three Stooges (1961).mp4
1226,544,1280,0,1019,1137,151,269,13924,0.02,138992,/home/amos/server/media/movies/Snow White And The Three Stooges (1961)/Snow White And The Three Stooges (1961).mp4
1227,544,1280,1,236,378,153,294,20022,0.0288,138992,/home/amos/server/media/movies/Snow White And The Three Stooges (1961)/Snow White And The Three Stooges (1961).mp4
1228,544,1280,0,773,812,137,177,1560,0.0022,139576,/home/amos/server/media/movies/Snow White And The Three Stooges (1961)/Snow White And The Three Stooges (1961).mp4
1229,544,1280,1,417,456,149,189,1560,0.0022,139576,/home/amos/server/media/movies/Snow White And The Three Stooges (1961)/Snow White And The Three Stooges (1961).mp4
1230,544,1280,0,203,271,206,274,4624,0.0066,140014,/home/amos/server/media/movies/Snow White And The Three Stooges (1961)/Snow White And The Three Stooges (1961).mp4
1231,544,1280,1,702,749,163,210,2209,0.0032,140014,/home/amos/server/media/movies/Snow White And The Three Stooges (1961)/Snow White And The Three Stooges (1961).mp4
1232,544,1280,0,535,603,102,170,4624,0.0066,140306,/home/amos/server/media/movies/Snow White And The Three Stooges (1961)/Snow White And The Three Stooges (1961).mp4
1233,544,1280,0,583,651,109,177,4624,0.0066,140452,/home/amos/server/media/movies/Snow White And The Three Stooges (1961)/Snow White And The Three Stooges (1961).mp4
1234,544,1280,1,272,329,100,157,3249,0.0047,140452,/home/amos/server/media/movies/Snow White And The Three Stooges (1961)/Snow White And The Three Stooges (1961).mp4
1235,544,1280,2,825,893,109,177,4624,0.0066,140452,/home/amos/server/media/movies/Snow White And The Three Stooges (1961)/Snow White And The Three Stooges (1961).mp4
1236,544,1280,0,609,691,99,181,6724,0.0097,140598,/home/amos/server/media/movies/Snow White And The Three Stooges (1961)/Snow White And The Three Stooges (1961).mp4
1237,544,1280,1,799,881,99,181,6724,0.0097,140598,/home/amos/server/media/movies/Snow White And The Three Stooges (1961)/Snow White And The Three Stooges (1961).mp4
1238,544,1280,2,272,329,117,174,3249,0.0047,140598,/home/amos/server/media/movies/Snow White And The Three Stooges (1961)/Snow White And The Three Stooges (1961).mp4
1239,544,1280,0,617,699,107,189,6724,0.0097,140744,/home/amos/server/media/movies/Snow White And The Three Stooges (1961)/Snow White And The Three Stooges (1961).mp4
1240,544,1280,1,832,900,102,170,4624,0.0066,140744,/home/amos/server/media/movies/Snow White And The Three Stooges (1961)/Snow White And The Three Stooges (1961).mp4
1241,544,1280,2,295,352,94,151,3249,0.0047,140744,/home/amos/server/media/movies/Snow White And The Three Stooges (1961)/Snow White And The Three Stooges (1961).mp4
1242,544,1280,0,818,886,137,205,4624,0.0066,141036,/home/amos/server/media/movies/Snow White And The Three Stooges (1961)/Snow White And The Three Stooges (1961).mp4
1243,544,1280,1,606,663,117,174,3249,0.0047,141036,/home/amos/server/media/movies/Snow White And The Three Stooges (1961)/Snow White And The Three Stooges (1961).mp4
1244,544,1280,2,438,506,151,219,4624,0.0066,141036,/home/amos/server/media/movies/Snow White And The Three Stooges (1961)/Snow White And The Three Stooges (1961).mp4
1245,544,1280,0,389,458,171,240,4761,0.0068,141474,/home/amos/server/media/movies/Snow White And The Three Stooges (1961)/Snow White And The Three Stooges (1961).mp4
1246,544,1280,0,721,789,240,309,4692,0.0067,141620,/home/amos/server/media/movies/Snow White And The Three Stooges (1961)/Snow White And The Three Stooges (1961).mp4
1247,544,1280,0,825,893,130,198,4624,0.0066,141766,/home/amos/server/media/movies/Snow White And The Three Stooges (1961)/Snow White And The Three Stooges (1961).mp4
1248,544,1280,1,700,769,268,336,4692,0.0067,141766,/home/amos/server/media/movies/Snow White And The Three Stooges (1961)/Snow White And The Three Stooges (1961).mp4
1249,544,1280,2,597,665,178,246,4624,0.0066,141766,/home/amos/server/media/movies/Snow White And The Three Stooges (1961)/Snow White And The Three Stooges (1961).mp4
1250,544,1280,0,714,783,282,350,4692,0.0067,141912,/home/amos/server/media/movies/Snow White And The Three Stooges (1961)/Snow White And The Three Stooges (1961).mp4
1251,544,1280,1,811,879,102,170,4624,0.0066,141912,/home/amos/server/media/movies/Snow White And The Three Stooges (1961)/Snow White And The Three Stooges (1961).mp4
1252,544,1280,2,597,665,199,267,4624,0.0066,141912,/home/amos/server/media/movies/Snow White And The Three Stooges (1961)/Snow White And The Three Stooges (1961).mp4
1253,544,1280,0,816,934,91,209,13924,0.02,142058,/home/amos/server/media/movies/Snow White And The Three Stooges (1961)/Snow White And The Three Stooges (1961).mp4
1254,544,1280,1,494,612,163,281,13924,0.02,142058,/home/amos/server/media/movies/Snow White And The Three Stooges (1961)/Snow White And The Three Stooges (1961).mp4
1255,544,1280,2,605,703,328,426,9604,0.0138,142058,/home/amos/server/media/movies/Snow White And The Three Stooges (1961)/Snow White And The Three Stooges (1961).mp4
1256,544,1280,3,315,432,43,161,13806,0.0198,142058,/home/amos/server/media/movies/Snow White And The Three Stooges (1961)/Snow White And The Three Stooges (1961).mp4
1257,544,1280,0,1077,1247,39,209,28900,0.0415,142204,/home/amos/server/media/movies/Snow White And The Three Stooges (1961)/Snow White And The Three Stooges (1961).mp4
1258,544,1280,1,279,421,95,237,20164,0.029,142204,/home/amos/server/media/movies/Snow White And The Three Stooges (1961)/Snow White And The Three Stooges (1961).mp4
1259,544,1280,2,552,693,196,337,19881,0.0286,142204,/home/amos/server/media/movies/Snow White And The Three Stooges (1961)/Snow White And The Three Stooges (1961).mp4
1260,544,1280,0,666,808,167,308,20022,0.0288,142350,/home/amos/server/media/movies/Snow White And The Three Stooges (1961)/Snow White And The Three Stooges (1961).mp4
1261,544,1280,1,183,353,332,502,28900,0.0415,142350,/home/amos/server/media/movies/Snow White And The Three Stooges (1961)/Snow White And The Three Stooges (1961).mp4
1262,544,1280,0,265,406,124,265,19881,0.0286,142496,/home/amos/server/media/movies/Snow White And The Three Stooges (1961)/Snow White And The Three Stooges (1961).mp4
1263,544,1280,1,609,750,210,351,19881,0.0286,142496,/home/amos/server/media/movies/Snow White And The Three Stooges (1961)/Snow White And The Three Stooges (1961).mp4
1264,544,1280,2,1068,1209,81,222,19881,0.0286,142496,/home/amos/server/media/movies/Snow White And The Three Stooges (1961)/Snow White And The Three Stooges (1961).mp4
1265,544,1280,0,565,683,163,281,13924,0.02,142788,/home/amos/server/media/movies/Snow White And The Three Stooges (1961)/Snow White And The Three Stooges (1961).mp4
1266,544,1280,1,625,723,219,317,9604,0.0138,142788,/home/amos/server/media/movies/Snow White And The Three Stooges (1961)/Snow White And The Three Stooges (1961).mp4
1267,544,1280,0,217,256,149,189,1560,0.0022,142934,/home/amos/server/media/movies/Snow White And The Three Stooges (1961)/Snow White And The Three Stooges (1961).mp4
1268,544,1280,0,749,788,105,145,1560,0.0022,143080,/home/amos/server/media/movies/Snow White And The Three Stooges (1961)/Snow White And The Three Stooges (1961).mp4
1269,544,1280,0,287,385,129,227,9604,0.0138,143226,/home/amos/server/media/movies/Snow White And The Three Stooges (1961)/Snow White And The Three Stooges (1961).mp4
1270,544,1280,1,764,863,109,208,9801,0.0141,143226,/home/amos/server/media/movies/Snow White And The Three Stooges (1961)/Snow White And The Three Stooges (1961).mp4
1271,544,1280,0,756,874,139,257,13924,0.02,143372,/home/amos/server/media/movies/Snow White And The Three Stooges (1961)/Snow White And The Three Stooges (1961).mp4
1272,544,1280,1,152,234,223,305,6724,0.0097,143372,/home/amos/server/media/movies/Snow White And The Three Stooges (1961)/Snow White And The Three Stooges (1961).mp4
1273,544,1280,0,666,734,157,226,4692,0.0067,143518,/home/amos/server/media/movies/Snow White And The Three Stooges (1961)/Snow White And The Three Stooges (1961).mp4
1274,544,1280,1,569,608,93,133,1560,0.0022,143518,/home/amos/server/media/movies/Snow White And The Three Stooges (1961)/Snow White And The Three Stooges (1961).mp4
1275,544,1280,0,667,749,149,231,6724,0.0097,143810,/home/amos/server/media/movies/Snow White And The Three Stooges (1961)/Snow White And The Three Stooges (1961).mp4
1276,544,1280,1,65,122,169,226,3249,0.0047,143810,/home/amos/server/media/movies/Snow White And The Three Stooges (1961)/Snow White And The Three Stooges (1961).mp4
1277,544,1280,0,650,732,132,214,6724,0.0097,143956,/home/amos/server/media/movies/Snow White And The Three Stooges (1961)/Snow White And The Three Stooges (1961).mp4
1278,544,1280,1,192,249,163,220,3249,0.0047,143956,/home/amos/server/media/movies/Snow White And The Three Stooges (1961)/Snow White And The Three Stooges (1961).mp4
1279,544,1280,0,272,340,164,233,4692,0.0067,144102,/home/amos/server/media/movies/Snow White And The Three Stooges (1961)/Snow White And The Three Stooges (1961).mp4
1280,544,1280,1,874,956,116,198,6724,0.0097,144102,/home/amos/server/media/movies/Snow White And The Three Stooges (1961)/Snow White And The Three Stooges (1961).mp4
1281,544,1280,0,341,409,157,226,4692,0.0067,144248,/home/amos/server/media/movies/Snow White And The Three Stooges (1961)/Snow White And The Three Stooges (1961).mp4
1282,544,1280,1,575,657,149,231,6724,0.0097,144248,/home/amos/server/media/movies/Snow White And The Three Stooges (1961)/Snow White And The Three Stooges (1961).mp4
1283,544,1280,2,899,981,132,214,6724,0.0097,144248,/home/amos/server/media/movies/Snow White And The Three Stooges (1961)/Snow White And The Three Stooges (1961).mp4
1284,544,1280,0,278,335,146,203,3249,0.0047,144394,/home/amos/server/media/movies/Snow White And The Three Stooges (1961)/Snow White And The Three Stooges (1961).mp4
1285,544,1280,1,700,769,137,205,4692,0.0067,144394,/home/amos/server/media/movies/Snow White And The Three Stooges (1961)/Snow White And The Three Stooges (1961).mp4
1286,544,1280,2,1027,1084,135,191,3192,0.0046,144394,/home/amos/server/media/movies/Snow White And The Three Stooges (1961)/Snow White And The Three Stooges (1961).mp4
1287,544,1280,0,404,452,149,196,2256,0.0032,144540,/home/amos/server/media/movies/Snow White And The Three Stooges (1961)/Snow White And The Three Stooges (1961).mp4
1288,544,1280,0,495,543,134,182,2304,0.0033,144686,/home/amos/server/media/movies/Snow White And The Three Stooges (1961)/Snow White And The Three Stooges (1961).mp4
1289,544,1280,1,269,308,149,189,1560,0.0022,144686,/home/amos/server/media/movies/Snow White And The Three Stooges (1961)/Snow White And The Three Stooges (1961).mp4
1290,544,1280,0,957,996,137,177,1560,0.0022,144832,/home/amos/server/media/movies/Snow White And The Three Stooges (1961)/Snow White And The Three Stooges (1961).mp4
1291,544,1280,1,332,380,144,191,2256,0.0032,144832,/home/amos/server/media/movies/Snow White And The Three Stooges (1961)/Snow White And The Three Stooges (1961).mp4
1292,544,1280,0,941,980,141,181,1560,0.0022,144978,/home/amos/server/media/movies/Snow White And The Three Stooges (1961)/Snow White And The Three Stooges (1961).mp4
1293,544,1280,1,332,380,139,186,2256,0.0032,144978,/home/amos/server/media/movies/Snow White And The Three Stooges (1961)/Snow White And The Three Stooges (1961).mp4
1294,544,1280,0,941,980,141,181,1560,0.0022,145124,/home/amos/server/media/movies/Snow White And The Three Stooges (1961)/Snow White And The Three Stooges (1961).mp4
1295,544,1280,0,337,376,141,181,1560,0.0022,145270,/home/amos/server/media/movies/Snow White And The Three Stooges (1961)/Snow White And The Three Stooges (1961).mp4
1296,544,1280,0,953,992,125,165,1560,0.0022,145416,/home/amos/server/media/movies/Snow White And The Three Stooges (1961)/Snow White And The Three Stooges (1961).mp4
1297,544,1280,0,279,397,31,149,13924,0.02,145562,/home/amos/server/media/movies/Snow White And The Three Stooges (1961)/Snow White And The Three Stooges (1961).mp4
1298,544,1280,0,575,657,116,198,6724,0.0097,145854,/home/amos/server/media/movies/Snow White And The Three Stooges (1961)/Snow White And The Three Stooges (1961).mp4
1299,544,1280,0,792,910,139,257,13924,0.02,146292,/home/amos/server/media/movies/Snow White And The Three Stooges (1961)/Snow White And The Three Stooges (1961).mp4
1300,544,1280,0,145,192,225,273,2256,0.0032,146876,/home/amos/server/media/movies/Snow White And The Three Stooges (1961)/Snow White And The Three Stooges (1961).mp4
1301,544,1280,0,217,264,235,282,2209,0.0032,147314,/home/amos/server/media/movies/Snow White And The Three Stooges (1961)/Snow White And The Three Stooges (1961).mp4
1302,544,1280,1,658,715,94,151,3249,0.0047,147314,/home/amos/server/media/movies/Snow White And The Three Stooges (1961)/Snow White And The Three Stooges (1961).mp4
1303,544,1280,0,553,671,151,269,13924,0.02,147460,/home/amos/server/media/movies/Snow White And The Three Stooges (1961)/Snow White And The Three Stooges (1961).mp4
1304,544,1280,0,492,662,211,381,28900,0.0415,147606,/home/amos/server/media/movies/Snow White And The Three Stooges (1961)/Snow White And The Three Stooges (1961).mp4
1305,544,1280,0,623,765,110,251,20022,0.0288,148190,/home/amos/server/media/movies/Snow White And The Three Stooges (1961)/Snow White And The Three Stooges (1961).mp4
1306,544,1280,0,334,402,116,184,4624,0.0066,148482,/home/amos/server/media/movies/Snow White And The Three Stooges (1961)/Snow White And The Three Stooges (1961).mp4
1307,544,1280,1,548,617,199,267,4692,0.0067,148482,/home/amos/server/media/movies/Snow White And The Three Stooges (1961)/Snow White And The Three Stooges (1961).mp4
1308,544,1280,2,667,749,232,314,6724,0.0097,148482,/home/amos/server/media/movies/Snow White And The Three Stooges (1961)/Snow White And The Three Stooges (1961).mp4
1309,544,1280,0,516,614,189,287,9604,0.0138,148628,/home/amos/server/media/movies/Snow White And The Three Stooges (1961)/Snow White And The Three Stooges (1961).mp4
1310,544,1280,1,715,813,268,367,9702,0.0139,148628,/home/amos/server/media/movies/Snow White And The Three Stooges (1961)/Snow White And The Three Stooges (1961).mp4
1311,544,1280,2,396,494,189,287,9604,0.0138,148628,/home/amos/server/media/movies/Snow White And The Three Stooges (1961)/Snow White And The Three Stooges (1961).mp4
1312,544,1280,0,317,415,129,227,9604,0.0138,148774,/home/amos/server/media/movies/Snow White And The Three Stooges (1961)/Snow White And The Three Stooges (1961).mp4
1313,544,1280,1,541,659,258,376,13924,0.02,148774,/home/amos/server/media/movies/Snow White And The Three Stooges (1961)/Snow White And The Three Stooges (1961).mp4
1314,544,1280,2,697,815,270,388,13924,0.02,148774,/home/amos/server/media/movies/Snow White And The Three Stooges (1961)/Snow White And The Three Stooges (1961).mp4
1315,544,1280,0,386,484,179,277,9604,0.0138,148920,/home/amos/server/media/movies/Snow White And The Three Stooges (1961)/Snow White And The Three Stooges (1961).mp4
1316,544,1280,1,585,684,199,297,9702,0.0139,148920,/home/amos/server/media/movies/Snow White And The Three Stooges (1961)/Snow White And The Three Stooges (1961).mp4
1317,544,1280,2,824,906,248,330,6724,0.0097,148920,/home/amos/server/media/movies/Snow White And The Three Stooges (1961)/Snow White And The Three Stooges (1961).mp4
1318,544,1280,0,595,693,229,327,9604,0.0138,149066,/home/amos/server/media/movies/Snow White And The Three Stooges (1961)/Snow White And The Three Stooges (1961).mp4
1319,544,1280,1,393,475,190,272,6724,0.0097,149066,/home/amos/server/media/movies/Snow White And The Three Stooges (1961)/Snow White And The Three Stooges (1961).mp4
1320,544,1280,2,849,931,282,363,6642,0.0095,149066,/home/amos/server/media/movies/Snow White And The Three Stooges (1961)/Snow White And The Three Stooges (1961).mp4
1321,544,1280,0,605,703,268,367,9702,0.0139,149212,/home/amos/server/media/movies/Snow White And The Three Stooges (1961)/Snow White And The Three Stooges (1961).mp4
1322,544,1280,1,317,415,129,227,9604,0.0138,149212,/home/amos/server/media/movies/Snow White And The Three Stooges (1961)/Snow White And The Three Stooges (1961).mp4
1323,544,1280,2,733,850,270,388,13806,0.0198,149212,/home/amos/server/media/movies/Snow White And The Three Stooges (1961)/Snow White And The Three Stooges (1961).mp4
1324,544,1280,0,382,451,116,184,4692,0.0067,149358,/home/amos/server/media/movies/Snow White And The Three Stooges (1961)/Snow White And The Three Stooges (1961).mp4
1325,544,1280,1,493,561,220,288,4624,0.0066,149358,/home/amos/server/media/movies/Snow White And The Three Stooges (1961)/Snow White And The Three Stooges (1961).mp4
1326,544,1280,2,791,873,257,339,6724,0.0097,149358,/home/amos/server/media/movies/Snow White And The Three Stooges (1961)/Snow White And The Three Stooges (1961).mp4
1327,544,1280,0,453,492,137,177,1560,0.0022,149650,/home/amos/server/media/movies/Snow White And The Three Stooges (1961)/Snow White And The Three Stooges (1961).mp4
1328,544,1280,1,561,600,89,129,1560,0.0022,149650,/home/amos/server/media/movies/Snow White And The Three Stooges (1961)/Snow White And The Three Stooges (1961).mp4
1329,544,1280,0,413,452,157,197,1560,0.0022,149796,/home/amos/server/media/movies/Snow White And The Three Stooges (1961)/Snow White And The Three Stooges (1961).mp4
1330,544,1280,1,505,544,105,145,1560,0.0022,149796,/home/amos/server/media/movies/Snow White And The Three Stooges (1961)/Snow White And The Three Stooges (1961).mp4
1331,544,1280,0,555,611,83,140,3192,0.0046,149942,/home/amos/server/media/movies/Snow White And The Three Stooges (1961)/Snow White And The Three Stooges (1961).mp4
1332,544,1280,1,231,279,158,206,2304,0.0033,149942,/home/amos/server/media/movies/Snow White And The Three Stooges (1961)/Snow White And The Three Stooges (1961).mp4
1333,544,1280,2,78,125,149,196,2209,0.0032,149942,/home/amos/server/media/movies/Snow White And The Three Stooges (1961)/Snow White And The Three Stooges (1961).mp4
1334,544,1280,0,555,654,129,227,9702,0.0139,150088,/home/amos/server/media/movies/Snow White And The Three Stooges (1961)/Snow White And The Three Stooges (1961).mp4
1335,544,1280,0,894,992,149,247,9604,0.0138,150234,/home/amos/server/media/movies/Snow White And The Three Stooges (1961)/Snow White And The Three Stooges (1961).mp4
1336,544,1280,1,243,361,103,221,13924,0.02,150234,/home/amos/server/media/movies/Snow White And The Three Stooges (1961)/Snow White And The Three Stooges (1961).mp4
1337,544,1280,2,530,647,103,221,13806,0.0198,150234,/home/amos/server/media/movies/Snow White And The Three Stooges (1961)/Snow White And The Three Stooges (1961).mp4
1338,544,1280,0,530,647,163,281,13806,0.0198,150380,/home/amos/server/media/movies/Snow White And The Three Stooges (1961)/Snow White And The Three Stooges (1961).mp4
1339,544,1280,0,876,994,127,245,13924,0.02,150526,/home/amos/server/media/movies/Snow White And The Three Stooges (1961)/Snow White And The Three Stooges (1961).mp4
1340,544,1280,1,231,349,103,221,13924,0.02,150526,/home/amos/server/media/movies/Snow White And The Three Stooges (1961)/Snow White And The Three Stooges (1961).mp4
1341,544,1280,2,526,624,119,217,9604,0.0138,150526,/home/amos/server/media/movies/Snow White And The Three Stooges (1961)/Snow White And The Three Stooges (1961).mp4
1342,544,1280,0,541,659,163,281,13924,0.02,150672,/home/amos/server/media/movies/Snow White And The Three Stooges (1961)/Snow White And The Three Stooges (1961).mp4
1343,544,1280,0,652,793,196,337,19881,0.0286,150818,/home/amos/server/media/movies/Snow White And The Three Stooges (1961)/Snow White And The Three Stooges (1961).mp4
1344,544,1280,0,518,636,115,233,13924,0.02,150964,/home/amos/server/media/movies/Snow White And The Three Stooges (1961)/Snow White And The Three Stooges (1961).mp4
1345,544,1280,1,297,395,119,217,9604,0.0138,150964,/home/amos/server/media/movies/Snow White And The Three Stooges (1961)/Snow White And The Three Stooges (1961).mp4
1346,544,1280,2,854,952,159,257,9604,0.0138,150964,/home/amos/server/media/movies/Snow White And The Three Stooges (1961)/Snow White And The Three Stooges (1961).mp4
1347,544,1280,0,661,779,175,293,13924,0.02,151110,/home/amos/server/media/movies/Snow White And The Three Stooges (1961)/Snow White And The Three Stooges (1961).mp4
1348,544,1280,0,509,650,196,337,19881,0.0286,151256,/home/amos/server/media/movies/Snow White And The Three Stooges (1961)/Snow White And The Three Stooges (1961).mp4
1349,544,1280,0,647,817,160,330,28900,0.0415,151402,/home/amos/server/media/movies/Snow White And The Three Stooges (1961)/Snow White And The Three Stooges (1961).mp4
1350,544,1280,0,541,659,103,221,13924,0.02,151548,/home/amos/server/media/movies/Snow White And The Three Stooges (1961)/Snow White And The Three Stooges (1961).mp4
1351,544,1280,1,267,385,91,209,13924,0.02,151548,/home/amos/server/media/movies/Snow White And The Three Stooges (1961)/Snow White And The Three Stooges (1961).mp4
1352,544,1280,2,874,972,139,237,9604,0.0138,151548,/home/amos/server/media/movies/Snow White And The Three Stooges (1961)/Snow White And The Three Stooges (1961).mp4
1353,544,1280,0,355,525,177,347,28900,0.0415,151694,/home/amos/server/media/movies/Snow White And The Three Stooges (1961)/Snow White And The Three Stooges (1961).mp4
1354,544,1280,1,716,886,246,416,28900,0.0415,151694,/home/amos/server/media/movies/Snow White And The Three Stooges (1961)/Snow White And The Three Stooges (1961).mp4
1355,544,1280,0,475,645,177,347,28900,0.0415,151840,/home/amos/server/media/movies/Snow White And The Three Stooges (1961)/Snow White And The Three Stooges (1961).mp4
1356,544,1280,1,724,865,210,351,19881,0.0286,151840,/home/amos/server/media/movies/Snow White And The Three Stooges (1961)/Snow White And The Three Stooges (1961).mp4
1357,544,1280,0,714,783,178,246,4692,0.0067,152424,/home/amos/server/media/movies/Snow White And The Three Stooges (1961)/Snow White And The Three Stooges (1961).mp4
1358,544,1280,1,401,483,99,181,6724,0.0097,152424,/home/amos/server/media/movies/Snow White And The Three Stooges (1961)/Snow White And The Three Stooges (1961).mp4
1359,544,1280,0,749,817,171,240,4692,0.0067,152570,/home/amos/server/media/movies/Snow White And The Three Stooges (1961)/Snow White And The Three Stooges (1961).mp4
1360,544,1280,1,418,500,91,173,6724,0.0097,152570,/home/amos/server/media/movies/Snow White And The Three Stooges (1961)/Snow White And The Three Stooges (1961).mp4
1361,544,1280,0,583,651,130,198,4624,0.0066,152716,/home/amos/server/media/movies/Snow White And The Three Stooges (1961)/Snow White And The Three Stooges (1961).mp4
1362,544,1280,1,797,865,157,226,4692,0.0067,152716,/home/amos/server/media/movies/Snow White And The Three Stooges (1961)/Snow White And The Three Stooges (1961).mp4
1363,544,1280,2,306,375,123,191,4692,0.0067,152716,/home/amos/server/media/movies/Snow White And The Three Stooges (1961)/Snow White And The Three Stooges (1961).mp4
1364,544,1280,0,566,707,138,280,20022,0.0288,154176,/home/amos/server/media/movies/Snow White And The Three Stooges (1961)/Snow White And The Three Stooges (1961).mp4
1365,544,1280,0,589,707,103,221,13924,0.02,154322,/home/amos/server/media/movies/Snow White And The Three Stooges (1961)/Snow White And The Three Stooges (1961).mp4
1366,544,1280,0,219,337,103,221,13924,0.02,154468,/home/amos/server/media/movies/Snow White And The Three Stooges (1961)/Snow White And The Three Stooges (1961).mp4
1367,544,1280,1,912,1030,151,269,13924,0.02,154468,/home/amos/server/media/movies/Snow White And The Three Stooges (1961)/Snow White And The Three Stooges (1961).mp4
1368,544,1280,0,207,325,103,221,13924,0.02,154614,/home/amos/server/media/movies/Snow White And The Three Stooges (1961)/Snow White And The Three Stooges (1961).mp4
1369,544,1280,1,541,659,163,281,13924,0.02,154614,/home/amos/server/media/movies/Snow White And The Three Stooges (1961)/Snow White And The Three Stooges (1961).mp4
1370,544,1280,2,900,1018,151,269,13924,0.02,154614,/home/amos/server/media/movies/Snow White And The Three Stooges (1961)/Snow White And The Three Stooges (1961).mp4
